fecha	cols	rows	boosting	objective	metric	first_metric_only	boost_from_average	feature_pre_filter	force_row_wise	verbosity	max_depth	min_gain_to_split	min_sum_hessian_in_leaf	lambda_l1	lambda_l2	max_bin	num_iterations	bagging_fraction	pos_bagging_fraction	neg_bagging_fraction	is_unbalance	drop_rate	max_drop	skip_drop	extra_trees	num_threads	seed	scale_pos_weight	learning_rate	feature_fraction	num_leaves	min_data_in_leaf	estimulos	ganancia	iteracion_bayesiana
20240506 145635	1068	300633	gbdt	binary	custom	TRUE	TRUE	FALSE	TRUE	-100	-1	0	0.001	0	0	31	105	1	1	1	FALSE	0.1	50	0.5	FALSE	20	101197	45.8260571175068	0.160910817340587	0.538300570036871	655	798	12987	58884937.0314843	1
20240506 145757	1068	300633	gbdt	binary	custom	TRUE	TRUE	FALSE	TRUE	-100	-1	0	0.001	0	0	31	97	1	1	1	FALSE	0.1	50	0.5	FALSE	20	101197	94.389293029316	0.318141432137209	0.789513810607342	1451	1728	12771	55555185.9070465	2
20240506 145915	1068	300633	gbdt	binary	custom	TRUE	TRUE	FALSE	TRUE	-100	-1	0	0.001	0	0	31	36	1	1	1	FALSE	0.1	50	0.5	FALSE	20	101197	73.4824594154608	0.183137412410947	0.756671232378021	286	495	13960	57226206.8965517	3
20240506 150025	1068	300633	gbdt	binary	custom	TRUE	TRUE	FALSE	TRUE	-100	-1	0	0.001	0	0	31	57	1	1	1	FALSE	0.1	50	0.5	FALSE	20	101197	40.440143369825	0.423554432396852	0.600671157492232	1142	1255	12559	50658832.083958	4
20240506 150225	1068	300633	gbdt	binary	custom	TRUE	TRUE	FALSE	TRUE	-100	-1	0	0.001	0	0	31	329	1	1	1	FALSE	0.1	50	0.5	FALSE	20	101197	54.2233157954527	0.0490684742542782	0.878458811631294	1369	1138	12041	61799158.9205397	5
20240506 150456	1068	300633	gbdt	binary	custom	TRUE	TRUE	FALSE	TRUE	-100	-1	0	0.001	0	0	31	582	1	1	1	FALSE	0.1	50	0.5	FALSE	20	101197	36.2540474221906	0.429233592303956	0.719962676403168	1824	363	10886	52262719.6401799	6
20240506 150630	1068	300633	gbdt	binary	custom	TRUE	TRUE	FALSE	TRUE	-100	-1	0	0.001	0	0	31	284	1	1	1	FALSE	0.1	50	0.5	FALSE	20	101197	56.8288928729272	0.122216639447971	0.67919721780648	1868	1574	11652	61713145.4272864	7
20240506 150754	1068	300633	gbdt	binary	custom	TRUE	TRUE	FALSE	TRUE	-100	-1	0	0.001	0	0	31	41	1	1	1	FALSE	0.1	50	0.5	FALSE	20	101197	89.8614332227218	0.369209901107978	0.630060955377454	962	656	12170	53473448.2758621	8
20240506 150905	1068	300633	gbdt	binary	custom	TRUE	TRUE	FALSE	TRUE	-100	-1	0	0.001	0	0	31	45	1	1	1	FALSE	0.1	50	0.5	FALSE	20	101197	22.0535025029277	0.242920868336582	0.646483444615397	365	1044	12167	57858040.4797601	9
20240506 151020	1068	300633	gbdt	binary	custom	TRUE	TRUE	FALSE	TRUE	-100	-1	0	0.001	0	0	31	75	1	1	1	FALSE	0.1	50	0.5	FALSE	20	101197	68.3636107794081	0.258987574147041	0.839865170584981	475	1150	12078	59322761.6191904	10
20240506 151224	1068	300633	gbdt	binary	custom	TRUE	TRUE	FALSE	TRUE	-100	-1	0	0.001	0	0	31	297	1	1	1	FALSE	0.1	50	0.5	FALSE	20	101197	34.8452285510505	0.101349506562389	0.548668181533688	727	1359	12580	60513913.0434783	11
20240506 151428	1068	300633	gbdt	binary	custom	TRUE	TRUE	FALSE	TRUE	-100	-1	0	0.001	0	0	31	421	1	1	1	FALSE	0.1	50	0.5	FALSE	20	101197	27.2363024017892	0.299846511146304	0.596887389168278	861	111	10147	56165716.6416792	12
20240506 151530	1068	300633	gbdt	binary	custom	TRUE	TRUE	FALSE	TRUE	-100	-1	0	0.001	0	0	31	105	1	1	1	FALSE	0.1	50	0.5	FALSE	20	101197	10.9553367269249	0.229838275501705	0.888587131832289	126	1667	12380	59139820.089955	13
20240506 151636	1068	300633	gbdt	binary	custom	TRUE	TRUE	FALSE	TRUE	-100	-1	0	0.001	0	0	31	74	1	1	1	FALSE	0.1	50	0.5	FALSE	20	101197	19.2892463127531	0.347873265192178	0.841686799430953	1736	1467	11837	55875026.9865067	14
20240506 152034	1068	300633	gbdt	binary	custom	TRUE	TRUE	FALSE	TRUE	-100	-1	0	0.001	0	0	31	852	1	1	1	FALSE	0.1	50	0.5	FALSE	20	101197	89.1339576806787	0.016378223895135	0.76450923053965	1056	934	12607	62453002.9985007	15
20240506 152242	1068	300633	gbdt	binary	custom	TRUE	TRUE	FALSE	TRUE	-100	-1	0	0.001	0	0	31	1	1	1	1	FALSE	0.1	50	0.5	FALSE	20	101197	74.5167424768169	0.485431566491901	0.817539755554932	605	415	11373	44856172.4137931	16
20240506 152433	1068	300633	gbdt	binary	custom	TRUE	TRUE	FALSE	TRUE	-100	-1	0	0.001	0	0	31	113	1	1	1	FALSE	0.1	50	0.5	FALSE	20	101197	3.31820576758748	0.0663406425289236	0.732421254698099	1567	681	14028	61391862.0689655	17
20240506 152540	1068	300633	gbdt	binary	custom	TRUE	TRUE	FALSE	TRUE	-100	-1	0	0.001	0	0	31	1	1	1	1	FALSE	0.1	50	0.5	FALSE	20	101197	7.31014327542153	0.458272972377198	0.504777877957979	1269	1866	12084	50926290.8545727	18
20240506 152711	1068	300633	gbdt	binary	custom	TRUE	TRUE	FALSE	TRUE	-100	-1	0	0.001	0	0	31	1	1	1	1	FALSE	0.1	50	0.5	FALSE	20	101197	81.1881650358062	0.395874783856435	0.565973486477156	2014	265	11994	48106575.7121439	19
20240506 152824	1068	300633	gbdt	binary	custom	TRUE	TRUE	FALSE	TRUE	-100	-1	0	0.001	0	0	31	278	1	1	1	FALSE	0.1	50	0.5	FALSE	20	101197	62.5972925616281	0.155202041327028	0.686643275721418	85	1950	11517	59349689.6551724	20
20240506 153130	1068	300633	gbdt	binary	custom	TRUE	TRUE	FALSE	TRUE	-100	-1	0	0.001	0	0	31	908	1	1	1	FALSE	0.1	50	0.5	FALSE	20	101197	70.1251508444183	0.0238711983556704	0.674819513288876	1478	1596	12076	62124923.5382309	21
20240506 153306	1068	300633	gbdt	binary	custom	TRUE	TRUE	FALSE	TRUE	-100	-1	0	0.001	0	0	31	267	1	1	1	FALSE	0.1	50	0.5	FALSE	20	101197	94.2618667392267	0.071743759315343	0.744866547393919	1204	1481	11601	62087374.8125937	22
20240506 153551	1068	300633	gbdt	binary	custom	TRUE	TRUE	FALSE	TRUE	-100	-1	0	0.001	0	0	31	610	1	1	1	FALSE	0.1	50	0.5	FALSE	20	101197	80.6758639753029	0.0367205324678984	0.683098497982862	1650	1106	12117	62639044.9775112	23
20240506 153826	1068	300633	gbdt	binary	custom	TRUE	TRUE	FALSE	TRUE	-100	-1	0	0.001	0	0	31	161	1	1	1	FALSE	0.1	50	0.5	FALSE	20	101197	77.1394779862717	0.0615914811528872	0.707215842468932	1488	995	12104	60882782.6086956	24
20240506 154450	1068	300633	gbdt	binary	custom	TRUE	TRUE	FALSE	TRUE	-100	-1	0	0.001	0	0	31	2186	1	1	1	FALSE	0.1	50	0.5	FALSE	20	101197	33.888548022073	0.010510063991949	0.769881248947111	1872	1448	11757	62254337.3313343	25
20240506 155421	1068	300633	gbdt	binary	custom	TRUE	TRUE	FALSE	TRUE	-100	-1	0	0.001	0	0	31	3652	1	1	1	FALSE	0.1	50	0.5	FALSE	20	101197	96.0850062772971	0.0100765240179985	0.826079046403667	1741	1523	12212	61619352.3238381	26
20240506 160045	1068	300633	gbdt	binary	custom	TRUE	TRUE	FALSE	TRUE	-100	-1	0	0.001	0	0	31	2034	1	1	1	FALSE	0.1	50	0.5	FALSE	20	101197	59.1747248489874	0.0100408885221142	0.719461352920577	1160	1255	11885	62458103.4482759	27
20240506 160717	1068	300633	gbdt	binary	custom	TRUE	TRUE	FALSE	TRUE	-100	-1	0	0.001	0	0	31	2009	1	1	1	FALSE	0.1	50	0.5	FALSE	20	101197	27.8698132101296	0.0100871405184948	0.69028450557499	1662	1132	12424	62176875.5622189	28
20240506 161139	1068	300633	gbdt	binary	custom	TRUE	TRUE	FALSE	TRUE	-100	-1	0	0.001	0	0	31	1318	1	1	1	FALSE	0.1	50	0.5	FALSE	20	101197	98.5690243979464	0.017764606274386	0.743810323807428	808	1255	12419	62541320.8395802	29
20240506 161527	1068	300633	gbdt	binary	custom	TRUE	TRUE	FALSE	TRUE	-100	-1	0	0.001	0	0	31	1165	1	1	1	FALSE	0.1	50	0.5	FALSE	20	101197	71.4738209323132	0.0266072200295004	0.652488811846293	1946	1334	13521	61815530.7346327	30
20240506 161828	1068	300633	gbdt	binary	custom	TRUE	TRUE	FALSE	TRUE	-100	-1	0	0.001	0	0	31	891	1	1	1	FALSE	0.1	50	0.5	FALSE	20	101197	57.9319416748949	0.0294006189430115	0.793916357888187	875	1483	11846	61816002.9985007	31
20240506 162443	1068	300633	gbdt	binary	custom	TRUE	TRUE	FALSE	TRUE	-100	-1	0	0.001	0	0	31	1880	1	1	1	FALSE	0.1	50	0.5	FALSE	20	101197	97.6334392271477	0.0101036286016031	0.669484723044256	1151	1179	12076	62465913.0434783	32
20240506 162703	1068	300633	gbdt	binary	custom	TRUE	TRUE	FALSE	TRUE	-100	-1	0	0.001	0	0	31	643	1	1	1	FALSE	0.1	50	0.5	FALSE	20	101197	1.04969340463377	0.0785845741392441	0.772643628389593	1712	1610	11018	58057124.4377811	33
20240506 163236	1068	300633	gbdt	binary	custom	TRUE	TRUE	FALSE	TRUE	-100	-1	0	0.001	0	0	31	1014	1	1	1	FALSE	0.1	50	0.5	FALSE	20	101197	42.0921753116356	0.0100328318010262	0.811861096562911	1767	685	12224	62211178.4107946	34
20240506 163840	1068	300633	gbdt	binary	custom	TRUE	TRUE	FALSE	TRUE	-100	-1	0	0.001	0	0	31	1892	1	1	1	FALSE	0.1	50	0.5	FALSE	20	101197	81.1429250682032	0.0102555509516075	0.747679871618669	1372	1291	12460	62719610.1949025	35
20240506 164231	1068	300633	gbdt	binary	custom	TRUE	TRUE	FALSE	TRUE	-100	-1	0	0.001	0	0	31	192	1	1	1	FALSE	0.1	50	0.5	FALSE	20	101197	98.6206251276986	0.137940774290235	0.722885990037457	1095	1442	12282	60783445.2773613	36
20240506 164859	1068	300633	gbdt	binary	custom	TRUE	TRUE	FALSE	TRUE	-100	-1	0	0.001	0	0	31	1391	1	1	1	FALSE	0.1	50	0.5	FALSE	20	101197	35.5460606955109	0.010031797632119	0.713850175718743	1035	713	13752	61629997.0014993	37
20240506 165432	1068	300633	gbdt	binary	custom	TRUE	TRUE	FALSE	TRUE	-100	-1	0	0.001	0	0	31	1823	1	1	1	FALSE	0.1	50	0.5	FALSE	20	101197	85.7452903261435	0.010109871142338	0.687862315951279	1159	1391	11868	62212551.7241379	38
20240506 165952	1068	300633	gbdt	binary	custom	TRUE	TRUE	FALSE	TRUE	-100	-1	0	0.001	0	0	31	1575	1	1	1	FALSE	0.1	50	0.5	FALSE	20	101197	59.3941128404748	0.0100628065239645	0.762767692771466	1687	1186	11726	62509196.4017991	39
20240506 170254	1068	300633	gbdt	binary	custom	TRUE	TRUE	FALSE	TRUE	-100	-1	0	0.001	0	0	31	781	1	1	1	FALSE	0.1	50	0.5	FALSE	20	101197	92.1684491065713	0.0349176624288787	0.751988610032923	1286	1223	12105	61909947.5262369	40
20240506 170942	1068	300633	gbdt	binary	custom	TRUE	TRUE	FALSE	TRUE	-100	-1	0	0.001	0	0	31	2057	1	1	1	FALSE	0.1	50	0.5	FALSE	20	101197	83.6519196513044	0.0100040439380337	0.870863389809543	396	1132	12094	62518779.6101949	41
20240506 171621	1068	300633	gbdt	binary	custom	TRUE	TRUE	FALSE	TRUE	-100	-1	0	0.001	0	0	31	2496	1	1	1	FALSE	0.1	50	0.5	FALSE	20	101197	94.453564636274	0.0103915316875325	0.689346985045704	148	1462	12662	62039487.2563718	42
20240506 172234	1068	300633	gbdt	binary	custom	TRUE	TRUE	FALSE	TRUE	-100	-1	0	0.001	0	0	31	1828	1	1	1	FALSE	0.1	50	0.5	FALSE	20	101197	87.2059805478009	0.0100892938987209	0.699850401278867	645	1126	12735	61908823.0884558	43
20240506 172903	1068	300633	gbdt	binary	custom	TRUE	TRUE	FALSE	TRUE	-100	-1	0	0.001	0	0	31	2145	1	1	1	FALSE	0.1	50	0.5	FALSE	20	101197	98.9862047831057	0.0100060418635045	0.898480773936044	506	1315	12005	62437833.5832084	44
20240506 173400	1068	300633	gbdt	binary	custom	TRUE	TRUE	FALSE	TRUE	-100	-1	0	0.001	0	0	31	1237	1	1	1	FALSE	0.1	50	0.5	FALSE	20	101197	66.8497087308092	0.0100194657951741	0.815228904905364	1561	1093	12535	62366934.0329835	45
20240506 174237	1068	300633	gbdt	binary	custom	TRUE	TRUE	FALSE	TRUE	-100	-1	0	0.001	0	0	31	2358	1	1	1	FALSE	0.1	50	0.5	FALSE	20	101197	58.7520266897073	0.0100138908031238	0.524750733230252	1679	1445	12278	62237844.077961	46
20240506 174307	1068	300633	gbdt	binary	custom	TRUE	TRUE	FALSE	TRUE	-100	-1	0	0.001	0	0	31	52	1	1	1	FALSE	0.1	50	0.5	FALSE	20	101197	95.9316181357528	0.0832828184093459	0.89917599588181	8	1426	14231	54861182.9085457	47
20240506 174538	1068	300633	gbdt	binary	custom	TRUE	TRUE	FALSE	TRUE	-100	-1	0	0.001	0	0	31	539	1	1	1	FALSE	0.1	50	0.5	FALSE	20	101197	98.9976083833743	0.108371660374434	0.500078236422649	1424	1945	12071	60089308.8455772	48
20240506 174822	1068	300633	gbdt	binary	custom	TRUE	TRUE	FALSE	TRUE	-100	-1	0	0.001	0	0	31	294	1	1	1	FALSE	0.1	50	0.5	FALSE	20	101197	29.7163807418395	0.0398545024346293	0.605055340955101	1663	582	12669	62227062.9685157	49
20240506 175124	1068	300633	gbdt	binary	custom	TRUE	TRUE	FALSE	TRUE	-100	-1	0	0.001	0	0	31	42	1	1	1	FALSE	0.1	50	0.5	FALSE	20	101197	33.1848713931215	0.11484623589703	0.680340222228184	1668	104	13507	52933572.7136432	50
20240506 175308	1068	300633	gbdt	binary	custom	TRUE	TRUE	FALSE	TRUE	-100	-1	0	0.001	0	0	31	226	1	1	1	FALSE	0.1	50	0.5	FALSE	20	101197	50.7548943560773	0.128172086148274	0.510636449145402	1050	1982	12973	59442439.2803598	51
20240506 175528	1068	300633	gbdt	binary	custom	TRUE	TRUE	FALSE	TRUE	-100	-1	0	0.001	0	0	31	372	1	1	1	FALSE	0.1	50	0.5	FALSE	20	101197	42.5408781894538	0.0682442493739234	0.519235621295532	1026	1497	12883	61027521.7391304	52
20240506 175832	1068	300633	gbdt	binary	custom	TRUE	TRUE	FALSE	TRUE	-100	-1	0	0.001	0	0	31	498	1	1	1	FALSE	0.1	50	0.5	FALSE	20	101197	12.9236521119596	0.0349795913021781	0.849383269094078	1643	747	10768	61762926.5367316	53
20240506 180028	1068	300633	gbdt	binary	custom	TRUE	TRUE	FALSE	TRUE	-100	-1	0	0.001	0	0	31	504	1	1	1	FALSE	0.1	50	0.5	FALSE	20	101197	74.8729805354138	0.144459314727087	0.745031565983651	2046	1794	10532	59004119.94003	54
20240506 180256	1068	300633	gbdt	binary	custom	TRUE	TRUE	FALSE	TRUE	-100	-1	0	0.001	0	0	31	530	1	1	1	FALSE	0.1	50	0.5	FALSE	20	101197	40.9509393731356	0.0399932388610276	0.638450981978775	1616	1167	11938	61709238.3808096	55
20240506 180808	1068	300633	gbdt	binary	custom	TRUE	TRUE	FALSE	TRUE	-100	-1	0	0.001	0	0	31	1788	1	1	1	FALSE	0.1	50	0.5	FALSE	20	101197	51.0451407812548	0.0157333717045632	0.899967316384381	215	1484	12241	62036640.17991	56
20240506 181430	1068	300633	gbdt	binary	custom	TRUE	TRUE	FALSE	TRUE	-100	-1	0	0.001	0	0	31	535	1	1	1	FALSE	0.1	50	0.5	FALSE	20	101197	63.3418433018522	0.0375663681316809	0.752526683392894	1714	229	12388	61172851.5742129	57
20240506 182101	1068	300633	gbdt	binary	custom	TRUE	TRUE	FALSE	TRUE	-100	-1	0	0.001	0	0	31	1426	1	1	1	FALSE	0.1	50	0.5	FALSE	20	101197	83.8894632130787	0.019053132209556	0.510102568686944	1617	802	12088	61698338.8305847	58
20240506 182315	1068	300633	gbdt	binary	custom	TRUE	TRUE	FALSE	TRUE	-100	-1	0	0.001	0	0	31	166	1	1	1	FALSE	0.1	50	0.5	FALSE	20	101197	1.22815256218999	0.0495059259578633	0.590927377851386	1002	601	12682	60412050.9745127	59
20240506 182740	1068	300633	gbdt	binary	custom	TRUE	TRUE	FALSE	TRUE	-100	-1	0	0.001	0	0	31	1261	1	1	1	FALSE	0.1	50	0.5	FALSE	20	101197	59.2691937028702	0.0154378610025786	0.890747483957302	1242	1278	12299	62784739.1304348	60
20240506 183459	1068	300633	gbdt	binary	custom	TRUE	TRUE	FALSE	TRUE	-100	-1	0	0.001	0	0	31	1843	1	1	1	FALSE	0.1	50	0.5	FALSE	20	101197	77.9793856723863	0.0147826015386293	0.890137860330361	975	1374	11722	62327493.2533733	61
20240506 183928	1068	300633	gbdt	binary	custom	TRUE	TRUE	FALSE	TRUE	-100	-1	0	0.001	0	0	31	1207	1	1	1	FALSE	0.1	50	0.5	FALSE	20	101197	53.8893031460511	0.0168811420385477	0.778955179666238	1414	1167	12343	61920805.0974513	62
20240506 184758	1068	300633	gbdt	binary	custom	TRUE	TRUE	FALSE	TRUE	-100	-1	0	0.001	0	0	31	3769	1	1	1	FALSE	0.1	50	0.5	FALSE	20	101197	70.9270581590642	0.01004525109307	0.855893107663201	678	1994	12522	61575229.3853073	63
20240506 185027	1068	300633	gbdt	binary	custom	TRUE	TRUE	FALSE	TRUE	-100	-1	0	0.001	0	0	31	399	1	1	1	FALSE	0.1	50	0.5	FALSE	20	101197	98.9146067865726	0.0469436065939149	0.54816045851342	1634	1496	11032	61550716.6416792	64
20240506 185641	1068	300633	gbdt	binary	custom	TRUE	TRUE	FALSE	TRUE	-100	-1	0	0.001	0	0	31	1496	1	1	1	FALSE	0.1	50	0.5	FALSE	20	101197	97.8341341060148	0.0103935538358728	0.89815348470042	1155	867	12722	62356698.6506747	65
20240506 190449	1068	300633	gbdt	binary	custom	TRUE	TRUE	FALSE	TRUE	-100	-1	0	0.001	0	0	31	1902	1	1	1	FALSE	0.1	50	0.5	FALSE	20	101197	61.158568036273	0.0101160160790185	0.89249385076442	366	686	11384	62290878.5607196	66
20240506 190631	1068	300633	gbdt	binary	custom	TRUE	TRUE	FALSE	TRUE	-100	-1	0	0.001	0	0	31	310	1	1	1	FALSE	0.1	50	0.5	FALSE	20	101197	98.6511521046857	0.0720646512203283	0.653773692910863	2042	1485	13868	61003616.191904	67
20240506 191232	1068	300633	gbdt	binary	custom	TRUE	TRUE	FALSE	TRUE	-100	-1	0	0.001	0	0	31	1782	1	1	1	FALSE	0.1	50	0.5	FALSE	20	101197	72.8342211793189	0.0100374867362948	0.899598669515245	806	1173	11888	62577799.1004498	68
20240506 191424	1068	300633	gbdt	binary	custom	TRUE	TRUE	FALSE	TRUE	-100	-1	0	0.001	0	0	31	442	1	1	1	FALSE	0.1	50	0.5	FALSE	20	101197	86.6302987965343	0.119788405789524	0.895696145207799	1350	1626	10607	58961128.9355322	69
20240506 192017	1068	300633	gbdt	binary	custom	TRUE	TRUE	FALSE	TRUE	-100	-1	0	0.001	0	0	31	1190	1	1	1	FALSE	0.1	50	0.5	FALSE	20	101197	27.5706380673052	0.0130762029157199	0.709069723071536	2031	665	10127	61577200.8995502	70
