fecha	cols	rows	boosting	objective	metric	first_metric_only	boost_from_average	feature_pre_filter	force_row_wise	verbosity	max_depth	min_gain_to_split	min_sum_hessian_in_leaf	lambda_l1	lambda_l2	max_bin	num_iterations	bagging_fraction	pos_bagging_fraction	neg_bagging_fraction	is_unbalance	scale_pos_weight	drop_rate	max_drop	skip_drop	extra_trees	learning_rate	seed	feature_fraction	num_leaves	min_data_in_leaf	estimulos	ganancia	iteracion_bayesiana
20240512 062349	1068	271298	gbdt	binary	custom	TRUE	TRUE	FALSE	TRUE	-100	-1	0	0.001	0	0	31	5	1	1	1	FALSE	1	0.1	50	0.5	FALSE	1	101197	0.412556162915817	46	5032	11861	51715890.5547226	1
20240512 062539	1068	271298	gbdt	binary	custom	TRUE	TRUE	FALSE	TRUE	-100	-1	0	0.001	0	0	31	4	1	1	1	FALSE	1	0.1	50	0.5	FALSE	1	101197	0.467625712061879	45	4930	12792	53300941.5292354	2
20240512 062731	1068	271298	gbdt	binary	custom	TRUE	TRUE	FALSE	TRUE	-100	-1	0	0.001	0	0	31	12	1	1	1	FALSE	1	0.1	50	0.5	FALSE	1	101197	0.455657899180313	41	4865	12868	57612551.7241379	3
20240512 062918	1068	271298	gbdt	binary	custom	TRUE	TRUE	FALSE	TRUE	-100	-1	0	0.001	0	0	31	7	1	1	1	FALSE	1	0.1	50	0.5	FALSE	1	101197	0.436694284852302	43	5087	14965	53898823.0884558	4
20240512 063105	1068	271298	gbdt	binary	custom	TRUE	TRUE	FALSE	TRUE	-100	-1	0	0.001	0	0	31	4	1	1	1	FALSE	1	0.1	50	0.5	FALSE	1	101197	0.448076704650874	49	4949	13138	52756374.8125937	5
20240512 063257	1068	271298	gbdt	binary	custom	TRUE	TRUE	FALSE	TRUE	-100	-1	0	0.001	0	0	31	10	1	1	1	FALSE	1	0.1	50	0.5	FALSE	1	101197	0.493363878839809	44	4873	11125	54946619.1904048	6
20240512 063439	1068	271298	gbdt	binary	custom	TRUE	TRUE	FALSE	TRUE	-100	-1	0	0.001	0	0	31	13	1	1	1	FALSE	1	0.1	50	0.5	FALSE	1	101197	0.402395031187489	42	5055	10918	56064230.8845577	7
20240512 063628	1068	271298	gbdt	binary	custom	TRUE	TRUE	FALSE	TRUE	-100	-1	0	0.001	0	0	31	7	1	1	1	FALSE	1	0.1	50	0.5	FALSE	1	101197	0.483311113124258	40	5155	13320	53548965.5172414	8
20240512 063815	1068	271298	gbdt	binary	custom	TRUE	TRUE	FALSE	TRUE	-100	-1	0	0.001	0	0	31	11	1	1	1	FALSE	1	0.1	50	0.5	FALSE	1	101197	0.432591669817316	47	4802	12476	54950170.9145427	9
20240512 064006	1068	271298	gbdt	binary	custom	TRUE	TRUE	FALSE	TRUE	-100	-1	0	0.001	0	0	31	12	1	1	1	FALSE	1	0.1	50	0.5	FALSE	1	101197	0.485168548296607	50	5188	14303	56994388.3058471	10
20240512 064150	1068	271298	gbdt	binary	custom	TRUE	TRUE	FALSE	TRUE	-100	-1	0	0.001	0	0	31	11	1	1	1	FALSE	1	0.1	50	0.5	FALSE	1	101197	0.4217271250407	49	5125	13516	56140995.5022489	11
20240512 064343	1068	271298	gbdt	binary	custom	TRUE	TRUE	FALSE	TRUE	-100	-1	0	0.001	0	0	31	28	1	1	1	FALSE	1	0.1	50	0.5	FALSE	1	101197	0.463339658849791	43	4972	13070	55050269.8650675	12
20240512 064530	1068	271298	gbdt	binary	custom	TRUE	TRUE	FALSE	TRUE	-100	-1	0	0.001	0	0	31	11	1	1	1	FALSE	1	0.1	50	0.5	FALSE	1	101197	0.417605450973039	40	5063	13674	56849124.4377811	13
20240512 064714	1068	271298	gbdt	binary	custom	TRUE	TRUE	FALSE	TRUE	-100	-1	0	0.001	0	0	31	11	1	1	1	FALSE	1	0.1	50	0.5	FALSE	1	101197	0.417605450973039	40	5063	13674	56849124.4377811	14
20240512 064855	1068	271298	gbdt	binary	custom	TRUE	TRUE	FALSE	TRUE	-100	-1	0	0.001	0	0	31	7	1	1	1	FALSE	1	0.1	50	0.5	FALSE	1	101197	0.402370638296891	48	5111	13364	50253787.1064468	15
20240512 065053	1068	271298	gbdt	binary	custom	TRUE	TRUE	FALSE	TRUE	-100	-1	0	0.001	0	0	31	47	1	1	1	FALSE	1	0.1	50	0.5	FALSE	1	101197	0.449405347348287	48	4991	13152	57391076.4617691	16
20240512 065240	1068	271298	gbdt	binary	custom	TRUE	TRUE	FALSE	TRUE	-100	-1	0	0.001	0	0	31	4	1	1	1	FALSE	1	0.1	50	0.5	FALSE	1	101197	0.470319354119111	44	5006	14431	51622022.4887556	17
20240512 065429	1068	271298	gbdt	binary	custom	TRUE	TRUE	FALSE	TRUE	-100	-1	0	0.001	0	0	31	12	1	1	1	FALSE	1	0.1	50	0.5	FALSE	1	101197	0.456044734531433	41	5073	14167	56648745.1274363	18
20240512 065624	1068	271298	gbdt	binary	custom	TRUE	TRUE	FALSE	TRUE	-100	-1	0	0.001	0	0	31	14	1	1	1	FALSE	1	0.1	50	0.5	FALSE	1	101197	0.499545364259611	48	5098	10256	51024743.6281859	19
20240512 065813	1068	271298	gbdt	binary	custom	TRUE	TRUE	FALSE	TRUE	-100	-1	0	0.001	0	0	31	15	1	1	1	FALSE	1	0.1	50	0.5	FALSE	1	101197	0.437479569419136	49	4859	11970	55878845.5772114	20
20240512 065956	1068	271298	gbdt	binary	custom	TRUE	TRUE	FALSE	TRUE	-100	-1	0	0.001	0	0	31	5	1	1	1	FALSE	1	0.1	50	0.5	FALSE	1	101197	0.425286467319421	43	5184	13560	49420569.7151424	21
20240512 070149	1068	271298	gbdt	binary	custom	TRUE	TRUE	FALSE	TRUE	-100	-1	0	0.001	0	0	31	24	1	1	1	FALSE	1	0.1	50	0.5	FALSE	1	101197	0.458746624913509	48	5116	11070	56656866.5667166	22
20240512 070334	1068	271298	gbdt	binary	custom	TRUE	TRUE	FALSE	TRUE	-100	-1	0	0.001	0	0	31	8	1	1	1	FALSE	1	0.1	50	0.5	FALSE	1	101197	0.427172010111524	48	4923	12350	55363433.2833583	23
20240512 070521	1068	271298	gbdt	binary	custom	TRUE	TRUE	FALSE	TRUE	-100	-1	0	0.001	0	0	31	7	1	1	1	FALSE	1	0.1	50	0.5	FALSE	1	101197	0.432259219747553	49	4843	14327	55290484.2578711	24
20240512 070714	1068	271298	gbdt	binary	custom	TRUE	TRUE	FALSE	TRUE	-100	-1	0	0.001	0	0	31	24	1	1	1	FALSE	1	0.1	50	0.5	FALSE	1	101197	0.442794254496974	47	5108	14231	58268499.2503748	25
20240512 070907	1068	271298	gbdt	binary	custom	TRUE	TRUE	FALSE	TRUE	-100	-1	0	0.001	0	0	31	8	1	1	1	FALSE	1	0.1	50	0.5	FALSE	1	101197	0.465724180496095	50	4812	11053	54736052.4737631	26
20240512 071105	1068	271298	gbdt	binary	custom	TRUE	TRUE	FALSE	TRUE	-100	-1	0	0.001	0	0	31	30	1	1	1	FALSE	1	0.1	50	0.5	FALSE	1	101197	0.490837247838859	50	5074	11817	55273917.5412294	27
20240512 071256	1068	271298	gbdt	binary	custom	TRUE	TRUE	FALSE	TRUE	-100	-1	0	0.001	0	0	31	12	1	1	1	FALSE	1	0.1	50	0.5	FALSE	1	101197	0.465320174746308	43	5173	11863	55267431.7841079	28
20240512 071444	1068	271298	gbdt	binary	custom	TRUE	TRUE	FALSE	TRUE	-100	-1	0	0.001	0	0	31	16	1	1	1	FALSE	1	0.1	50	0.5	FALSE	1	101197	0.447900500126353	47	5087	11925	55494745.1274363	29
20240512 071627	1068	271298	gbdt	binary	custom	TRUE	TRUE	FALSE	TRUE	-100	-1	0	0.001	0	0	31	7	1	1	1	FALSE	1	0.1	50	0.5	FALSE	1	101197	0.405774826922632	43	5105	11545	51308988.005997	30
20240512 071817	1068	271298	gbdt	binary	custom	TRUE	TRUE	FALSE	TRUE	-100	-1	0	0.001	0	0	31	14	1	1	1	FALSE	1	0.1	50	0.5	FALSE	1	101197	0.441986552399002	44	4868	12862	53556608.6956522	31
20240512 072004	1068	271298	gbdt	binary	custom	TRUE	TRUE	FALSE	TRUE	-100	-1	0	0.001	0	0	31	4	1	1	1	FALSE	1	0.1	50	0.5	FALSE	1	101197	0.464691313647431	43	5192	9860	50937841.0794603	32
20240512 072147	1068	271298	gbdt	binary	custom	TRUE	TRUE	FALSE	TRUE	-100	-1	0	0.001	0	0	31	10	1	1	1	FALSE	1	0.1	50	0.5	FALSE	1	101197	0.408844415326495	42	4869	13387	56586106.4467766	33
20240512 072334	1068	271298	gbdt	binary	custom	TRUE	TRUE	FALSE	TRUE	-100	-1	0	0.001	0	0	31	4	1	1	1	FALSE	1	0.1	50	0.5	FALSE	1	101197	0.457502171268419	48	4943	12792	53368227.886057	34
20240512 072525	1068	271298	gbdt	binary	custom	TRUE	TRUE	FALSE	TRUE	-100	-1	0	0.001	0	0	31	5	1	1	1	FALSE	1	0.1	50	0.5	FALSE	1	101197	0.483610719218508	49	4888	14516	55056617.6911544	35
20240512 072708	1068	271298	gbdt	binary	custom	TRUE	TRUE	FALSE	TRUE	-100	-1	0	0.001	0	0	31	8	1	1	1	FALSE	1	0.1	50	0.5	FALSE	1	101197	0.416259931314263	45	4804	12690	56857076.4617691	36
20240512 072900	1068	271298	gbdt	binary	custom	TRUE	TRUE	FALSE	TRUE	-100	-1	0	0.001	0	0	31	12	1	1	1	FALSE	1	0.1	50	0.5	FALSE	1	101197	0.468588259097528	48	5144	12293	56866487.2563718	37
20240512 073045	1068	271298	gbdt	binary	custom	TRUE	TRUE	FALSE	TRUE	-100	-1	0	0.001	0	0	31	4	1	1	1	FALSE	1	0.1	50	0.5	FALSE	1	101197	0.43447840225557	45	5100	12800	51104287.856072	38
20240512 073232	1068	271298	gbdt	binary	custom	TRUE	TRUE	FALSE	TRUE	-100	-1	0	0.001	0	0	31	22	1	1	1	FALSE	1	0.1	50	0.5	FALSE	1	101197	0.407194217537226	44	4910	12781	56529203.898051	39
20240512 073428	1068	271298	gbdt	binary	custom	TRUE	TRUE	FALSE	TRUE	-100	-1	0	0.001	0	0	31	23	1	1	1	FALSE	1	0.1	50	0.5	FALSE	1	101197	0.482293260615668	45	5091	11415	55841836.5817091	40
20240512 073616	1068	271298	gbdt	binary	custom	TRUE	TRUE	FALSE	TRUE	-100	-1	0	0.001	0	0	31	4	1	1	1	FALSE	1	0.1	50	0.5	FALSE	1	101197	0.464427245979213	41	4968	11517	52176496.2518741	41
20240512 073808	1068	271298	gbdt	binary	custom	TRUE	TRUE	FALSE	TRUE	-100	-1	0	0.001	0	0	31	8	1	1	1	FALSE	1	0.1	50	0.5	FALSE	1	101197	0.498941719238338	43	4898	13864	53712827.5862069	42
20240512 074006	1068	271298	gbdt	binary	custom	TRUE	TRUE	FALSE	TRUE	-100	-1	0	0.001	0	0	31	39	1	1	1	FALSE	1	0.1	50	0.5	FALSE	1	101197	0.442224443603763	47	5114	11094	56587505.2473763	43
20240512 074152	1068	271298	gbdt	binary	custom	TRUE	TRUE	FALSE	TRUE	-100	-1	0	0.001	0	0	31	5	1	1	1	FALSE	1	0.1	50	0.5	FALSE	1	101197	0.44263452359303	47	5046	12443	53317356.8215892	44
20240512 074337	1068	271298	gbdt	binary	custom	TRUE	TRUE	FALSE	TRUE	-100	-1	0	0.001	0	0	31	11	1	1	1	FALSE	1	0.1	50	0.5	FALSE	1	101197	0.417605450973039	40	5063	13674	56849124.4377811	45
20240512 074524	1068	271298	gbdt	binary	custom	TRUE	TRUE	FALSE	TRUE	-100	-1	0	0.001	0	0	31	4	1	1	1	FALSE	1	0.1	50	0.5	FALSE	1	101197	0.454294213941506	47	5130	12190	51353058.4707646	46
20240512 074710	1068	271298	gbdt	binary	custom	TRUE	TRUE	FALSE	TRUE	-100	-1	0	0.001	0	0	31	7	1	1	1	FALSE	1	0.1	50	0.5	FALSE	1	101197	0.425924740353866	46	4915	13999	55130496.2518741	47
20240512 074852	1068	271298	gbdt	binary	custom	TRUE	TRUE	FALSE	TRUE	-100	-1	0	0.001	0	0	31	7	1	1	1	FALSE	1	0.1	50	0.5	FALSE	1	101197	0.40221509270648	43	4863	12706	54931175.4122939	48
20240512 075035	1068	271298	gbdt	binary	custom	TRUE	TRUE	FALSE	TRUE	-100	-1	0	0.001	0	0	31	7	1	1	1	FALSE	1	0.1	50	0.5	FALSE	1	101197	0.405175461075454	42	5181	12968	51754050.9745127	49
20240512 075228	1068	271298	gbdt	binary	custom	TRUE	TRUE	FALSE	TRUE	-100	-1	0	0.001	0	0	31	14	1	1	1	FALSE	1	0.1	50	0.5	FALSE	1	101197	0.497452520005085	40	5097	11957	51924322.3388306	50
20240512 075418	1068	271298	gbdt	binary	custom	TRUE	TRUE	FALSE	TRUE	-100	-1	0	0.001	0	0	31	8	1	1	1	FALSE	1	0.1	50	0.5	FALSE	1	101197	0.475448818400329	44	5035	11492	54320041.9790105	51
20240512 075603	1068	271298	gbdt	binary	custom	TRUE	TRUE	FALSE	TRUE	-100	-1	0	0.001	0	0	31	13	1	1	1	FALSE	1	0.1	50	0.5	FALSE	1	101197	0.41905030992638	46	5019	13122	57992320.8395802	52
20240512 075754	1068	271298	gbdt	binary	custom	TRUE	TRUE	FALSE	TRUE	-100	-1	0	0.001	0	0	31	19	1	1	1	FALSE	1	0.1	50	0.5	FALSE	1	101197	0.447115040611901	41	5089	10932	55648437.7811094	53
20240512 075946	1068	271298	gbdt	binary	custom	TRUE	TRUE	FALSE	TRUE	-100	-1	0	0.001	0	0	31	11	1	1	1	FALSE	1	0.1	50	0.5	FALSE	1	101197	0.475970360634391	45	4863	12212	55723100.4497751	54
20240512 080133	1068	271298	gbdt	binary	custom	TRUE	TRUE	FALSE	TRUE	-100	-1	0	0.001	0	0	31	5	1	1	1	FALSE	1	0.1	50	0.5	FALSE	1	101197	0.42874564643388	41	5082	16402	51440116.9415292	55
20240512 080323	1068	271298	gbdt	binary	custom	TRUE	TRUE	FALSE	TRUE	-100	-1	0	0.001	0	0	31	14	1	1	1	FALSE	1	0.1	50	0.5	FALSE	1	101197	0.454850828483066	44	4849	10581	55063536.7316342	56
20240512 080517	1068	271298	gbdt	binary	custom	TRUE	TRUE	FALSE	TRUE	-100	-1	0	0.001	0	0	31	17	1	1	1	FALSE	1	0.1	50	0.5	FALSE	1	101197	0.4880071986672	49	4876	11747	57178910.0449775	57
20240512 080704	1068	271298	gbdt	binary	custom	TRUE	TRUE	FALSE	TRUE	-100	-1	0	0.001	0	0	31	8	1	1	1	FALSE	1	0.1	50	0.5	FALSE	1	101197	0.449612428020659	48	5141	10781	55213041.9790105	58
20240512 080848	1068	271298	gbdt	binary	custom	TRUE	TRUE	FALSE	TRUE	-100	-1	0	0.001	0	0	31	12	1	1	1	FALSE	1	0.1	50	0.5	FALSE	1	101197	0.403779245619099	50	4829	12004	55621343.3283358	59
20240512 081034	1068	271298	gbdt	binary	custom	TRUE	TRUE	FALSE	TRUE	-100	-1	0	0.001	0	0	31	4	1	1	1	FALSE	1	0.1	50	0.5	FALSE	1	101197	0.448483829733412	40	5073	12295	50301446.7766117	60
20240512 081222	1068	271298	gbdt	binary	custom	TRUE	TRUE	FALSE	TRUE	-100	-1	0	0.001	0	0	31	13	1	1	1	FALSE	1	0.1	50	0.5	FALSE	1	101197	0.410206185156476	40	5120	13961	54834181.4092954	61
20240512 081414	1068	271298	gbdt	binary	custom	TRUE	TRUE	FALSE	TRUE	-100	-1	0	0.001	0	0	31	10	1	1	1	FALSE	1	0.1	50	0.5	FALSE	1	101197	0.491837556467907	47	5050	11558	53847799.1004498	62
20240512 081608	1068	271298	gbdt	binary	custom	TRUE	TRUE	FALSE	TRUE	-100	-1	0	0.001	0	0	31	16	1	1	1	FALSE	1	0.1	50	0.5	FALSE	1	101197	0.483479445882799	50	5018	10939	57778862.0689655	63
20240512 081757	1068	271298	gbdt	binary	custom	TRUE	TRUE	FALSE	TRUE	-100	-1	0	0.001	0	0	31	12	1	1	1	FALSE	1	0.1	50	0.5	FALSE	1	101197	0.451742611401822	45	5153	12977	55271698.6506747	64
20240512 081949	1068	271298	gbdt	binary	custom	TRUE	TRUE	FALSE	TRUE	-100	-1	0	0.001	0	0	31	8	1	1	1	FALSE	1	0.1	50	0.5	FALSE	1	101197	0.495191299179427	40	4871	13255	54542046.4767616	65
20240512 082143	1068	271298	gbdt	binary	custom	TRUE	TRUE	FALSE	TRUE	-100	-1	0	0.001	0	0	31	13	1	1	1	FALSE	1	0.1	50	0.5	FALSE	1	101197	0.494615772590689	49	4821	9658	56876914.5427286	66
20240512 082335	1068	271298	gbdt	binary	custom	TRUE	TRUE	FALSE	TRUE	-100	-1	0	0.001	0	0	31	11	1	1	1	FALSE	1	0.1	50	0.5	FALSE	1	101197	0.464714994550361	45	5095	12675	57132361.3193403	67
20240512 082523	1068	271298	gbdt	binary	custom	TRUE	TRUE	FALSE	TRUE	-100	-1	0	0.001	0	0	31	5	1	1	1	FALSE	1	0.1	50	0.5	FALSE	1	101197	0.463872283508846	41	4884	15051	53889758.6206897	68
20240512 082718	1068	271298	gbdt	binary	custom	TRUE	TRUE	FALSE	TRUE	-100	-1	0	0.001	0	0	31	21	1	1	1	FALSE	1	0.1	50	0.5	FALSE	1	101197	0.482707253410902	50	5091	14198	55289478.2608696	69
20240512 082907	1068	271298	gbdt	binary	custom	TRUE	TRUE	FALSE	TRUE	-100	-1	0	0.001	0	0	31	7	1	1	1	FALSE	1	0.1	50	0.5	FALSE	1	101197	0.457670496362183	48	5159	12983	51743953.5232384	70
20240512 083057	1068	271298	gbdt	binary	custom	TRUE	TRUE	FALSE	TRUE	-100	-1	0	0.001	0	0	31	18	1	1	1	FALSE	1	0.1	50	0.5	FALSE	1	101197	0.430302513618237	42	4852	10958	56524140.9295352	71
20240512 083254	1068	271298	gbdt	binary	custom	TRUE	TRUE	FALSE	TRUE	-100	-1	0	0.001	0	0	31	21	1	1	1	FALSE	1	0.1	50	0.5	FALSE	1	101197	0.498605328607771	47	5119	9987	54567395.802099	72
20240512 083444	1068	271298	gbdt	binary	custom	TRUE	TRUE	FALSE	TRUE	-100	-1	0	0.001	0	0	31	22	1	1	1	FALSE	1	0.1	50	0.5	FALSE	1	101197	0.405649992256518	49	5169	13298	54289928.035982	73
20240512 083635	1068	271298	gbdt	binary	custom	TRUE	TRUE	FALSE	TRUE	-100	-1	0	0.001	0	0	31	11	1	1	1	FALSE	1	0.1	50	0.5	FALSE	1	101197	0.456478542215339	49	5031	11830	56413568.2158921	74
20240512 083829	1068	271298	gbdt	binary	custom	TRUE	TRUE	FALSE	TRUE	-100	-1	0	0.001	0	0	31	17	1	1	1	FALSE	1	0.1	50	0.5	FALSE	1	101197	0.479488107338135	43	4892	9493	59395902.5487256	75
20240512 084022	1068	271298	gbdt	binary	custom	TRUE	TRUE	FALSE	TRUE	-100	-1	0	0.001	0	0	31	11	1	1	1	FALSE	1	0.1	50	0.5	FALSE	1	101197	0.46160290111946	49	4822	12477	53143212.8935532	76
20240512 084211	1068	271298	gbdt	binary	custom	TRUE	TRUE	FALSE	TRUE	-100	-1	0	0.001	0	0	31	5	1	1	1	FALSE	1	0.1	50	0.5	FALSE	1	101197	0.467735162071212	49	4838	10693	53423428.7856072	77
20240512 084400	1068	271298	gbdt	binary	custom	TRUE	TRUE	FALSE	TRUE	-100	-1	0	0.001	0	0	31	7	1	1	1	FALSE	1	0.1	50	0.5	FALSE	1	101197	0.459716306563209	43	5184	14916	52727442.2788606	78
20240512 084549	1068	271298	gbdt	binary	custom	TRUE	TRUE	FALSE	TRUE	-100	-1	0	0.001	0	0	31	15	1	1	1	FALSE	1	0.1	50	0.5	FALSE	1	101197	0.419105827643027	45	4819	13181	57106175.4122939	79
20240512 084738	1068	271298	gbdt	binary	custom	TRUE	TRUE	FALSE	TRUE	-100	-1	0	0.001	0	0	31	6	1	1	1	FALSE	1	0.1	50	0.5	FALSE	1	101197	0.460516943156562	50	5165	11076	49996167.916042	80
20240512 084921	1068	271298	gbdt	binary	custom	TRUE	TRUE	FALSE	TRUE	-100	-1	0	0.001	0	0	31	5	1	1	1	FALSE	1	0.1	50	0.5	FALSE	1	101197	0.408890113995082	44	4816	16282	49648752.6236882	81
20240512 085112	1068	271298	gbdt	binary	custom	TRUE	TRUE	FALSE	TRUE	-100	-1	0	0.001	0	0	31	7	1	1	1	FALSE	1	0.1	50	0.5	FALSE	1	101197	0.493696732603205	48	5027	10786	54284578.7106447	82
20240512 085259	1068	271298	gbdt	binary	custom	TRUE	TRUE	FALSE	TRUE	-100	-1	0	0.001	0	0	31	7	1	1	1	FALSE	1	0.1	50	0.5	FALSE	1	101197	0.444276118956863	50	4802	12188	55385085.4572714	83
20240512 085448	1068	271298	gbdt	binary	custom	TRUE	TRUE	FALSE	TRUE	-100	-1	0	0.001	0	0	31	12	1	1	1	FALSE	1	0.1	50	0.5	FALSE	1	101197	0.462664182870358	41	5125	12948	57197019.4902549	84
20240512 085640	1068	271298	gbdt	binary	custom	TRUE	TRUE	FALSE	TRUE	-100	-1	0	0.001	0	0	31	21	1	1	1	FALSE	1	0.1	50	0.5	FALSE	1	101197	0.443458893295017	40	4838	9640	55990824.5877061	85
20240512 085832	1068	271298	gbdt	binary	custom	TRUE	TRUE	FALSE	TRUE	-100	-1	0	0.001	0	0	31	11	1	1	1	FALSE	1	0.1	50	0.5	FALSE	1	101197	0.47525908106372	44	5069	11535	56615749.6251874	86
20240512 090014	1068	271298	gbdt	binary	custom	TRUE	TRUE	FALSE	TRUE	-100	-1	0	0.001	0	0	31	7	1	1	1	FALSE	1	0.1	50	0.5	FALSE	1	101197	0.408041607487145	47	5172	13016	51769151.4242879	87
20240512 090157	1068	271298	gbdt	binary	custom	TRUE	TRUE	FALSE	TRUE	-100	-1	0	0.001	0	0	31	11	1	1	1	FALSE	1	0.1	50	0.5	FALSE	1	101197	0.40388244983902	42	5061	11403	57071000	88
20240512 090349	1068	271298	gbdt	binary	custom	TRUE	TRUE	FALSE	TRUE	-100	-1	0	0.001	0	0	31	9	1	1	1	FALSE	1	0.1	50	0.5	FALSE	1	101197	0.496807687097136	45	4870	9172	54046938.5307346	89
20240512 090542	1068	271298	gbdt	binary	custom	TRUE	TRUE	FALSE	TRUE	-100	-1	0	0.001	0	0	31	14	1	1	1	FALSE	1	0.1	50	0.5	FALSE	1	101197	0.486227625134784	46	5039	12647	57695281.8590705	90
20240512 090728	1068	271298	gbdt	binary	custom	TRUE	TRUE	FALSE	TRUE	-100	-1	0	0.001	0	0	31	11	1	1	1	FALSE	1	0.1	50	0.5	FALSE	1	101197	0.418330856606422	43	4955	13587	55756481.2593703	91
20240512 090912	1068	271298	gbdt	binary	custom	TRUE	TRUE	FALSE	TRUE	-100	-1	0	0.001	0	0	31	6	1	1	1	FALSE	1	0.1	50	0.5	FALSE	1	101197	0.418357971207422	43	4954	13713	53651884.5577211	92
20240512 091105	1068	271298	gbdt	binary	custom	TRUE	TRUE	FALSE	TRUE	-100	-1	0	0.001	0	0	31	17	1	1	1	FALSE	1	0.1	50	0.5	FALSE	1	101197	0.479488107338135	43	4892	9493	59395902.5487256	93
20240512 091255	1068	271298	gbdt	binary	custom	TRUE	TRUE	FALSE	TRUE	-100	-1	0	0.001	0	0	31	7	1	1	1	FALSE	1	0.1	50	0.5	FALSE	1	101197	0.479808670004157	44	4900	13114	55858059.970015	94
20240512 091444	1068	271298	gbdt	binary	custom	TRUE	TRUE	FALSE	TRUE	-100	-1	0	0.001	0	0	31	7	1	1	1	FALSE	1	0.1	50	0.5	FALSE	1	101197	0.479808670004157	44	4900	13114	55858059.970015	95
20240512 091635	1068	271298	gbdt	binary	custom	TRUE	TRUE	FALSE	TRUE	-100	-1	0	0.001	0	0	31	7	1	1	1	FALSE	1	0.1	50	0.5	FALSE	1	101197	0.479807693810837	44	4900	13114	55858059.970015	96
20240512 091829	1068	271298	gbdt	binary	custom	TRUE	TRUE	FALSE	TRUE	-100	-1	0	0.001	0	0	31	14	1	1	1	FALSE	1	0.1	50	0.5	FALSE	1	101197	0.479810714361007	44	4897	11750	57335427.2863568	97
20240512 092020	1068	271298	gbdt	binary	custom	TRUE	TRUE	FALSE	TRUE	-100	-1	0	0.001	0	0	31	8	1	1	1	FALSE	1	0.1	50	0.5	FALSE	1	101197	0.479773598430018	44	4894	12078	57072446.7766117	98
20240512 092211	1068	271298	gbdt	binary	custom	TRUE	TRUE	FALSE	TRUE	-100	-1	0	0.001	0	0	31	13	1	1	1	FALSE	1	0.1	50	0.5	FALSE	1	101197	0.479719480923024	44	4892	11689	57220856.071964	99
20240512 092400	1068	271298	gbdt	binary	custom	TRUE	TRUE	FALSE	TRUE	-100	-1	0	0.001	0	0	31	7	1	1	1	FALSE	1	0.1	50	0.5	FALSE	1	101197	0.456044736487824	47	4870	13004	55792797.6011994	100
20240512 092545	1068	271298	gbdt	binary	custom	TRUE	TRUE	FALSE	TRUE	-100	-1	0	0.001	0	0	31	12	1	1	1	FALSE	1	0.1	50	0.5	FALSE	1	101197	0.419054135589608	48	5151	12852	55483880.05997	101
20240512 092735	1068	271298	gbdt	binary	custom	TRUE	TRUE	FALSE	TRUE	-100	-1	0	0.001	0	0	31	7	1	1	1	FALSE	1	0.1	50	0.5	FALSE	1	101197	0.484554132956304	41	4952	12681	53227704.6476762	102
20240512 092922	1068	271298	gbdt	binary	custom	TRUE	TRUE	FALSE	TRUE	-100	-1	0	0.001	0	0	31	13	1	1	1	FALSE	1	0.1	50	0.5	FALSE	1	101197	0.407077823038326	48	4947	15163	54032979.0104948	103
20240512 093106	1068	271298	gbdt	binary	custom	TRUE	TRUE	FALSE	TRUE	-100	-1	0	0.001	0	0	31	7	1	1	1	FALSE	1	0.1	50	0.5	FALSE	1	101197	0.416384323868607	49	4812	11281	56259308.8455772	104
20240512 093259	1068	271298	gbdt	binary	custom	TRUE	TRUE	FALSE	TRUE	-100	-1	0	0.001	0	0	31	13	1	1	1	FALSE	1	0.1	50	0.5	FALSE	1	101197	0.479487486710818	44	5026	11302	56499877.0614693	105
20240512 093442	1068	271298	gbdt	binary	custom	TRUE	TRUE	FALSE	TRUE	-100	-1	0	0.001	0	0	31	5	1	1	1	FALSE	1	0.1	50	0.5	FALSE	1	101197	0.420365921492877	46	5031	14149	51885593.7031484	106
20240512 093633	1068	271298	gbdt	binary	custom	TRUE	TRUE	FALSE	TRUE	-100	-1	0	0.001	0	0	31	7	1	1	1	FALSE	1	0.1	50	0.5	FALSE	1	101197	0.479495377276588	43	4857	12259	57689446.7766117	107
20240512 093823	1068	271298	gbdt	binary	custom	TRUE	TRUE	FALSE	TRUE	-100	-1	0	0.001	0	0	31	7	1	1	1	FALSE	1	0.1	50	0.5	FALSE	1	101197	0.479454857361315	43	5094	12649	52536958.0209895	108
20240512 094017	1068	271298	gbdt	binary	custom	TRUE	TRUE	FALSE	TRUE	-100	-1	0	0.001	0	0	31	11	1	1	1	FALSE	1	0.1	50	0.5	FALSE	1	101197	0.479562862874674	43	4802	11785	56192106.4467766	109
20240512 094208	1068	271298	gbdt	binary	custom	TRUE	TRUE	FALSE	TRUE	-100	-1	0	0.001	0	0	31	11	1	1	1	FALSE	1	0.1	50	0.5	FALSE	1	101197	0.479562862874674	43	4802	11785	56192106.4467766	110
20240512 094400	1068	271298	gbdt	binary	custom	TRUE	TRUE	FALSE	TRUE	-100	-1	0	0.001	0	0	31	11	1	1	1	FALSE	1	0.1	50	0.5	FALSE	1	101197	0.479562862874674	43	4802	11785	56192106.4467766	111
20240512 094552	1068	271298	gbdt	binary	custom	TRUE	TRUE	FALSE	TRUE	-100	-1	0	0.001	0	0	31	7	1	1	1	FALSE	1	0.1	50	0.5	FALSE	1	101197	0.499154992584181	43	4849	12528	55541397.3013493	112
20240512 094745	1068	271298	gbdt	binary	custom	TRUE	TRUE	FALSE	TRUE	-100	-1	0	0.001	0	0	31	7	1	1	1	FALSE	1	0.1	50	0.5	FALSE	1	101197	0.499009006819156	43	4849	12528	55541397.3013493	113
20240512 094938	1068	271298	gbdt	binary	custom	TRUE	TRUE	FALSE	TRUE	-100	-1	0	0.001	0	0	31	7	1	1	1	FALSE	1	0.1	50	0.5	FALSE	1	101197	0.498792646704276	43	4849	12528	55541397.3013493	114
20240512 095133	1068	271298	gbdt	binary	custom	TRUE	TRUE	FALSE	TRUE	-100	-1	0	0.001	0	0	31	7	1	1	1	FALSE	1	0.1	50	0.5	FALSE	1	101197	0.498693193522102	43	4849	12528	55541397.3013493	115
20240512 095325	1068	271298	gbdt	binary	custom	TRUE	TRUE	FALSE	TRUE	-100	-1	0	0.001	0	0	31	7	1	1	1	FALSE	1	0.1	50	0.5	FALSE	1	101197	0.498445653594045	43	4849	12528	55541397.3013493	116
20240512 095519	1068	271298	gbdt	binary	custom	TRUE	TRUE	FALSE	TRUE	-100	-1	0	0.001	0	0	31	8	1	1	1	FALSE	1	0.1	50	0.5	FALSE	1	101197	0.498324032797471	43	4850	12825	53739872.5637181	117
20240512 095712	1068	271298	gbdt	binary	custom	TRUE	TRUE	FALSE	TRUE	-100	-1	0	0.001	0	0	31	9	1	1	1	FALSE	1	0.1	50	0.5	FALSE	1	101197	0.490828126575723	43	4852	11097	54094007.4962519	118
20240512 095903	1068	271298	gbdt	binary	custom	TRUE	TRUE	FALSE	TRUE	-100	-1	0	0.001	0	0	31	8	1	1	1	FALSE	1	0.1	50	0.5	FALSE	1	101197	0.479509976017758	44	4800	13553	55299560.7196402	119
20240512 100055	1068	271298	gbdt	binary	custom	TRUE	TRUE	FALSE	TRUE	-100	-1	0	0.001	0	0	31	5	1	1	1	FALSE	1	0.1	50	0.5	FALSE	1	101197	0.487930519275037	43	4854	14075	54124745.1274363	120
20240512 100249	1068	271298	gbdt	binary	custom	TRUE	TRUE	FALSE	TRUE	-100	-1	0	0.001	0	0	31	5	1	1	1	FALSE	1	0.1	50	0.5	FALSE	1	101197	0.485548044475734	43	4855	14075	54124745.1274363	121
20240512 100435	1068	271298	gbdt	binary	custom	TRUE	TRUE	FALSE	TRUE	-100	-1	0	0.001	0	0	31	11	1	1	1	FALSE	1	0.1	50	0.5	FALSE	1	101197	0.419037071950226	46	4871	13018	55054605.6971514	122
20240512 100628	1068	271298	gbdt	binary	custom	TRUE	TRUE	FALSE	TRUE	-100	-1	0	0.001	0	0	31	5	1	1	1	FALSE	1	0.1	50	0.5	FALSE	1	101197	0.485681120727737	44	4857	11152	53947898.0509745	123
20240512 100822	1068	271298	gbdt	binary	custom	TRUE	TRUE	FALSE	TRUE	-100	-1	0	0.001	0	0	31	20	1	1	1	FALSE	1	0.1	50	0.5	FALSE	1	101197	0.479628942204636	43	4806	12662	55670851.5742129	124
20240512 101015	1068	271298	gbdt	binary	custom	TRUE	TRUE	FALSE	TRUE	-100	-1	0	0.001	0	0	31	10	1	1	1	FALSE	1	0.1	50	0.5	FALSE	1	101197	0.47949967336058	43	4812	11641	55657509.7451274	125
20240512 101210	1068	271298	gbdt	binary	custom	TRUE	TRUE	FALSE	TRUE	-100	-1	0	0.001	0	0	31	14	1	1	1	FALSE	1	0.1	50	0.5	FALSE	1	101197	0.486227625134784	46	5039	12647	57695281.8590705	126
20240512 101401	1068	271298	gbdt	binary	custom	TRUE	TRUE	FALSE	TRUE	-100	-1	0	0.001	0	0	31	1	1	1	1	FALSE	1	0.1	50	0.5	FALSE	1	101197	0.486273784242007	46	5085	11321	50369893.5532234	127
20240512 101553	1068	271298	gbdt	binary	custom	TRUE	TRUE	FALSE	TRUE	-100	-1	0	0.001	0	0	31	7	1	1	1	FALSE	1	0.1	50	0.5	FALSE	1	101197	0.483257110748204	44	4857	12393	55033833.5832084	128
20240512 101744	1068	271298	gbdt	binary	custom	TRUE	TRUE	FALSE	TRUE	-100	-1	0	0.001	0	0	31	7	1	1	1	FALSE	1	0.1	50	0.5	FALSE	1	101197	0.482824885143359	44	4857	12393	55033833.5832084	129
20240512 101935	1068	271298	gbdt	binary	custom	TRUE	TRUE	FALSE	TRUE	-100	-1	0	0.001	0	0	31	7	1	1	1	FALSE	1	0.1	50	0.5	FALSE	1	101197	0.482450171462421	44	4857	12393	55033833.5832084	130
20240512 102127	1068	271298	gbdt	binary	custom	TRUE	TRUE	FALSE	TRUE	-100	-1	0	0.001	0	0	31	7	1	1	1	FALSE	1	0.1	50	0.5	FALSE	1	101197	0.48214900505963	44	4858	12393	55033833.5832084	131
20240512 102319	1068	271298	gbdt	binary	custom	TRUE	TRUE	FALSE	TRUE	-100	-1	0	0.001	0	0	31	7	1	1	1	FALSE	1	0.1	50	0.5	FALSE	1	101197	0.481799166649388	44	4858	12393	55033833.5832084	132
20240512 102512	1068	271298	gbdt	binary	custom	TRUE	TRUE	FALSE	TRUE	-100	-1	0	0.001	0	0	31	7	1	1	1	FALSE	1	0.1	50	0.5	FALSE	1	101197	0.481499995543053	44	4859	12393	55033833.5832084	133
20240512 102702	1068	271298	gbdt	binary	custom	TRUE	TRUE	FALSE	TRUE	-100	-1	0	0.001	0	0	31	7	1	1	1	FALSE	1	0.1	50	0.5	FALSE	1	101197	0.481190696724721	44	4859	12393	55033833.5832084	134
20240512 102853	1068	271298	gbdt	binary	custom	TRUE	TRUE	FALSE	TRUE	-100	-1	0	0.001	0	0	31	7	1	1	1	FALSE	1	0.1	50	0.5	FALSE	1	101197	0.480824319616866	44	4859	12393	55033833.5832084	135
20240512 103045	1068	271298	gbdt	binary	custom	TRUE	TRUE	FALSE	TRUE	-100	-1	0	0.001	0	0	31	7	1	1	1	FALSE	1	0.1	50	0.5	FALSE	1	101197	0.480679062968012	44	4860	12393	55033833.5832084	136
20240512 103237	1068	271298	gbdt	binary	custom	TRUE	TRUE	FALSE	TRUE	-100	-1	0	0.001	0	0	31	7	1	1	1	FALSE	1	0.1	50	0.5	FALSE	1	101197	0.480315577454473	44	4860	12393	55033833.5832084	137
20240512 103427	1068	271298	gbdt	binary	custom	TRUE	TRUE	FALSE	TRUE	-100	-1	0	0.001	0	0	31	7	1	1	1	FALSE	1	0.1	50	0.5	FALSE	1	101197	0.480158413685131	44	4860	12393	55033833.5832084	138
20240512 103622	1068	271298	gbdt	binary	custom	TRUE	TRUE	FALSE	TRUE	-100	-1	0	0.001	0	0	31	7	1	1	1	FALSE	1	0.1	50	0.5	FALSE	1	101197	0.479958051719194	44	4861	12393	55033833.5832084	139
20240512 103814	1068	271298	gbdt	binary	custom	TRUE	TRUE	FALSE	TRUE	-100	-1	0	0.001	0	0	31	7	1	1	1	FALSE	1	0.1	50	0.5	FALSE	1	101197	0.478657080477176	43	4859	12259	57689446.7766117	140
20240512 103959	1068	271298	gbdt	binary	custom	TRUE	TRUE	FALSE	TRUE	-100	-1	0	0.001	0	0	31	11	1	1	1	FALSE	1	0.1	50	0.5	FALSE	1	101197	0.417605450973039	40	5063	13674	56849124.4377811	141
20240512 104145	1068	271298	gbdt	binary	custom	TRUE	TRUE	FALSE	TRUE	-100	-1	0	0.001	0	0	31	11	1	1	1	FALSE	1	0.1	50	0.5	FALSE	1	101197	0.417605450973039	40	5063	13674	56849124.4377811	142
20240512 104330	1068	271298	gbdt	binary	custom	TRUE	TRUE	FALSE	TRUE	-100	-1	0	0.001	0	0	31	11	1	1	1	FALSE	1	0.1	50	0.5	FALSE	1	101197	0.417605450973039	40	5063	13674	56849124.4377811	143
20240512 104514	1068	271298	gbdt	binary	custom	TRUE	TRUE	FALSE	TRUE	-100	-1	0	0.001	0	0	31	11	1	1	1	FALSE	1	0.1	50	0.5	FALSE	1	101197	0.417605450973039	40	5063	13674	56849124.4377811	144
20240512 104702	1068	271298	gbdt	binary	custom	TRUE	TRUE	FALSE	TRUE	-100	-1	0	0.001	0	0	31	11	1	1	1	FALSE	1	0.1	50	0.5	FALSE	1	101197	0.417605450973039	40	5063	13674	56849124.4377811	145
20240512 104846	1068	271298	gbdt	binary	custom	TRUE	TRUE	FALSE	TRUE	-100	-1	0	0.001	0	0	31	11	1	1	1	FALSE	1	0.1	50	0.5	FALSE	1	101197	0.417605450973039	40	5063	13674	56849124.4377811	146
20240512 105032	1068	271298	gbdt	binary	custom	TRUE	TRUE	FALSE	TRUE	-100	-1	0	0.001	0	0	31	11	1	1	1	FALSE	1	0.1	50	0.5	FALSE	1	101197	0.417605450973039	40	5063	13674	56849124.4377811	147
20240512 105216	1068	271298	gbdt	binary	custom	TRUE	TRUE	FALSE	TRUE	-100	-1	0	0.001	0	0	31	11	1	1	1	FALSE	1	0.1	50	0.5	FALSE	1	101197	0.417605450973039	40	5063	13674	56849124.4377811	148
20240512 105406	1068	271298	gbdt	binary	custom	TRUE	TRUE	FALSE	TRUE	-100	-1	0	0.001	0	0	31	8	1	1	1	FALSE	1	0.1	50	0.5	FALSE	1	101197	0.479489165065546	46	5089	11677	52940214.3928036	149
20240512 105551	1068	271298	gbdt	binary	custom	TRUE	TRUE	FALSE	TRUE	-100	-1	0	0.001	0	0	31	11	1	1	1	FALSE	1	0.1	50	0.5	FALSE	1	101197	0.417605450973039	40	5063	13674	56849124.4377811	150
20240512 105736	1068	271298	gbdt	binary	custom	TRUE	TRUE	FALSE	TRUE	-100	-1	0	0.001	0	0	31	8	1	1	1	FALSE	1	0.1	50	0.5	FALSE	1	101197	0.419050485956676	44	5098	11864	54521883.0584708	151
20240512 105920	1068	271298	gbdt	binary	custom	TRUE	TRUE	FALSE	TRUE	-100	-1	0	0.001	0	0	31	11	1	1	1	FALSE	1	0.1	50	0.5	FALSE	1	101197	0.407331994016935	40	4892	13389	55883254.8725637	152
20240512 110102	1068	271298	gbdt	binary	custom	TRUE	TRUE	FALSE	TRUE	-100	-1	0	0.001	0	0	31	9	1	1	1	FALSE	1	0.1	50	0.5	FALSE	1	101197	0.405368395413648	40	4893	13045	56191476.7616192	153
20240512 110244	1068	271298	gbdt	binary	custom	TRUE	TRUE	FALSE	TRUE	-100	-1	0	0.001	0	0	31	11	1	1	1	FALSE	1	0.1	50	0.5	FALSE	1	101197	0.400488441689836	40	4893	11783	56180475.2623688	154
20240512 110428	1068	271298	gbdt	binary	custom	TRUE	TRUE	FALSE	TRUE	-100	-1	0	0.001	0	0	31	13	1	1	1	FALSE	1	0.1	50	0.5	FALSE	1	101197	0.40001166970683	40	4893	11338	57340842.5787106	155
20240512 110625	1068	271298	gbdt	binary	custom	TRUE	TRUE	FALSE	TRUE	-100	-1	0	0.001	0	0	31	32	1	1	1	FALSE	1	0.1	50	0.5	FALSE	1	101197	0.4794875345781	42	5084	13363	58101824.5877061	156
20240512 110812	1068	271298	gbdt	binary	custom	TRUE	TRUE	FALSE	TRUE	-100	-1	0	0.001	0	0	31	20	1	1	1	FALSE	1	0.1	50	0.5	FALSE	1	101197	0.400010907758204	40	4896	10453	57331794.6026987	157
20240512 111003	1068	271298	gbdt	binary	custom	TRUE	TRUE	FALSE	TRUE	-100	-1	0	0.001	0	0	31	5	1	1	1	FALSE	1	0.1	50	0.5	FALSE	1	101197	0.479315984552059	42	4878	11003	54914838.0809595	158
20240512 111153	1068	271298	gbdt	binary	custom	TRUE	TRUE	FALSE	TRUE	-100	-1	0	0.001	0	0	31	3	1	1	1	FALSE	1	0.1	50	0.5	FALSE	1	101197	0.479487541707741	47	4939	13555	48577818.5907046	159
20240512 111336	1068	271298	gbdt	binary	custom	TRUE	TRUE	FALSE	TRUE	-100	-1	0	0.001	0	0	31	13	1	1	1	FALSE	1	0.1	50	0.5	FALSE	1	101197	0.40001153905446	40	4890	11338	57340842.5787106	160
20240512 111519	1068	271298	gbdt	binary	custom	TRUE	TRUE	FALSE	TRUE	-100	-1	0	0.001	0	0	31	13	1	1	1	FALSE	1	0.1	50	0.5	FALSE	1	101197	0.40001153905446	40	4890	11338	57340842.5787106	161
20240512 111702	1068	271298	gbdt	binary	custom	TRUE	TRUE	FALSE	TRUE	-100	-1	0	0.001	0	0	31	13	1	1	1	FALSE	1	0.1	50	0.5	FALSE	1	101197	0.400001762068251	40	4889	11338	57340842.5787106	162
20240512 111848	1068	271298	gbdt	binary	custom	TRUE	TRUE	FALSE	TRUE	-100	-1	0	0.001	0	0	31	13	1	1	1	FALSE	1	0.1	50	0.5	FALSE	1	101197	0.400001762068251	40	4889	11338	57340842.5787106	163
20240512 112031	1068	271298	gbdt	binary	custom	TRUE	TRUE	FALSE	TRUE	-100	-1	0	0.001	0	0	31	13	1	1	1	FALSE	1	0.1	50	0.5	FALSE	1	101197	0.400001762068251	40	4889	11338	57340842.5787106	164
20240512 112214	1068	271298	gbdt	binary	custom	TRUE	TRUE	FALSE	TRUE	-100	-1	0	0.001	0	0	31	13	1	1	1	FALSE	1	0.1	50	0.5	FALSE	1	101197	0.400001762068251	40	4889	11338	57340842.5787106	165
20240512 112357	1068	271298	gbdt	binary	custom	TRUE	TRUE	FALSE	TRUE	-100	-1	0	0.001	0	0	31	13	1	1	1	FALSE	1	0.1	50	0.5	FALSE	1	101197	0.400015153761356	40	4889	11338	57340842.5787106	166
20240512 112540	1068	271298	gbdt	binary	custom	TRUE	TRUE	FALSE	TRUE	-100	-1	0	0.001	0	0	31	13	1	1	1	FALSE	1	0.1	50	0.5	FALSE	1	101197	0.400009981840785	40	4888	13152	55668917.5412294	167
20240512 112724	1068	271298	gbdt	binary	custom	TRUE	TRUE	FALSE	TRUE	-100	-1	0	0.001	0	0	31	13	1	1	1	FALSE	1	0.1	50	0.5	FALSE	1	101197	0.400001762068251	40	4889	11338	57340842.5787106	168
20240512 112909	1068	271298	gbdt	binary	custom	TRUE	TRUE	FALSE	TRUE	-100	-1	0	0.001	0	0	31	13	1	1	1	FALSE	1	0.1	50	0.5	FALSE	1	101197	0.400015153761356	40	4889	11338	57340842.5787106	169
20240512 113101	1068	271298	gbdt	binary	custom	TRUE	TRUE	FALSE	TRUE	-100	-1	0	0.001	0	0	31	17	1	1	1	FALSE	1	0.1	50	0.5	FALSE	1	101197	0.479488107338135	43	4892	9493	59395902.5487256	170
20240512 113244	1068	271298	gbdt	binary	custom	TRUE	TRUE	FALSE	TRUE	-100	-1	0	0.001	0	0	31	13	1	1	1	FALSE	1	0.1	50	0.5	FALSE	1	101197	0.400014653359696	40	4891	11338	57340842.5787106	171
20240512 113427	1068	271298	gbdt	binary	custom	TRUE	TRUE	FALSE	TRUE	-100	-1	0	0.001	0	0	31	13	1	1	1	FALSE	1	0.1	50	0.5	FALSE	1	101197	0.400014653359696	40	4891	11338	57340842.5787106	172
20240512 113610	1068	271298	gbdt	binary	custom	TRUE	TRUE	FALSE	TRUE	-100	-1	0	0.001	0	0	31	13	1	1	1	FALSE	1	0.1	50	0.5	FALSE	1	101197	0.400014653359696	40	4891	11338	57340842.5787106	173
20240512 113753	1068	271298	gbdt	binary	custom	TRUE	TRUE	FALSE	TRUE	-100	-1	0	0.001	0	0	31	13	1	1	1	FALSE	1	0.1	50	0.5	FALSE	1	101197	0.400014653359696	40	4891	11338	57340842.5787106	174
20240512 113940	1068	271298	gbdt	binary	custom	TRUE	TRUE	FALSE	TRUE	-100	-1	0	0.001	0	0	31	13	1	1	1	FALSE	1	0.1	50	0.5	FALSE	1	101197	0.400014653359696	40	4891	11338	57340842.5787106	175
20240512 114123	1068	271298	gbdt	binary	custom	TRUE	TRUE	FALSE	TRUE	-100	-1	0	0.001	0	0	31	13	1	1	1	FALSE	1	0.1	50	0.5	FALSE	1	101197	0.400014653359696	40	4891	11338	57340842.5787106	176
20240512 114308	1068	271298	gbdt	binary	custom	TRUE	TRUE	FALSE	TRUE	-100	-1	0	0.001	0	0	31	13	1	1	1	FALSE	1	0.1	50	0.5	FALSE	1	101197	0.400014653359696	40	4891	11338	57340842.5787106	177
20240512 114450	1068	271298	gbdt	binary	custom	TRUE	TRUE	FALSE	TRUE	-100	-1	0	0.001	0	0	31	13	1	1	1	FALSE	1	0.1	50	0.5	FALSE	1	101197	0.400014653359696	40	4891	11338	57340842.5787106	178
20240512 114633	1068	271298	gbdt	binary	custom	TRUE	TRUE	FALSE	TRUE	-100	-1	0	0.001	0	0	31	13	1	1	1	FALSE	1	0.1	50	0.5	FALSE	1	101197	0.400014653359696	40	4891	11338	57340842.5787106	179
20240512 114822	1068	271298	gbdt	binary	custom	TRUE	TRUE	FALSE	TRUE	-100	-1	0	0.001	0	0	31	10	1	1	1	FALSE	1	0.1	50	0.5	FALSE	1	101197	0.45476878725202	42	5079	12141	56629473.7631184	180
20240512 115016	1068	271298	gbdt	binary	custom	TRUE	TRUE	FALSE	TRUE	-100	-1	0	0.001	0	0	31	17	1	1	1	FALSE	1	0.1	50	0.5	FALSE	1	101197	0.479488107338135	43	4892	9493	59395902.5487256	181
20240512 115209	1068	271298	gbdt	binary	custom	TRUE	TRUE	FALSE	TRUE	-100	-1	0	0.001	0	0	31	13	1	1	1	FALSE	1	0.1	50	0.5	FALSE	1	101197	0.475259096662908	50	5086	13030	55402113.9430285	182
20240512 115402	1068	271298	gbdt	binary	custom	TRUE	TRUE	FALSE	TRUE	-100	-1	0	0.001	0	0	31	18	1	1	1	FALSE	1	0.1	50	0.5	FALSE	1	101197	0.486228300213688	42	5049	11382	56676308.8455772	183
20240512 115550	1068	271298	gbdt	binary	custom	TRUE	TRUE	FALSE	TRUE	-100	-1	0	0.001	0	0	31	11	1	1	1	FALSE	1	0.1	50	0.5	FALSE	1	101197	0.444276106340882	47	5094	12854	54838959.5202399	184
20240512 115738	1068	271298	gbdt	binary	custom	TRUE	TRUE	FALSE	TRUE	-100	-1	0	0.001	0	0	31	15	1	1	1	FALSE	1	0.1	50	0.5	FALSE	1	101197	0.426565618811676	49	5041	11477	54990589.2053973	185
20240512 115929	1068	271298	gbdt	binary	custom	TRUE	TRUE	FALSE	TRUE	-100	-1	0	0.001	0	0	31	5	1	1	1	FALSE	1	0.1	50	0.5	FALSE	1	101197	0.479488101298706	50	4871	10908	55021847.0764618	186
20240512 120124	1068	271298	gbdt	binary	custom	TRUE	TRUE	FALSE	TRUE	-100	-1	0	0.001	0	0	31	18	1	1	1	FALSE	1	0.1	50	0.5	FALSE	1	101197	0.463339666510688	47	4913	12905	57015014.9925037	187
20240512 120315	1068	271298	gbdt	binary	custom	TRUE	TRUE	FALSE	TRUE	-100	-1	0	0.001	0	0	31	12	1	1	1	FALSE	1	0.1	50	0.5	FALSE	1	101197	0.46208053451638	47	4877	12274	56052962.5187406	188
20240512 120500	1068	271298	gbdt	binary	custom	TRUE	TRUE	FALSE	TRUE	-100	-1	0	0.001	0	0	31	7	1	1	1	FALSE	1	0.1	50	0.5	FALSE	1	101197	0.434764871742528	46	4901	11548	54117619.1904048	189
20240512 120654	1068	271298	gbdt	binary	custom	TRUE	TRUE	FALSE	TRUE	-100	-1	0	0.001	0	0	31	17	1	1	1	FALSE	1	0.1	50	0.5	FALSE	1	101197	0.479488107338135	43	4892	9493	59395902.5487256	190
20240512 120838	1068	271298	gbdt	binary	custom	TRUE	TRUE	FALSE	TRUE	-100	-1	0	0.001	0	0	31	16	1	1	1	FALSE	1	0.1	50	0.5	FALSE	1	101197	0.400867440373923	41	4819	14367	54864277.3613193	191
20240512 121028	1068	271298	gbdt	binary	custom	TRUE	TRUE	FALSE	TRUE	-100	-1	0	0.001	0	0	31	8	1	1	1	FALSE	1	0.1	50	0.5	FALSE	1	101197	0.4916568568216	49	5192	14248	53657799.1004498	192
20240512 121215	1068	271298	gbdt	binary	custom	TRUE	TRUE	FALSE	TRUE	-100	-1	0	0.001	0	0	31	8	1	1	1	FALSE	1	0.1	50	0.5	FALSE	1	101197	0.421727125464297	43	4947	13632	53912455.7721139	193
20240512 121358	1068	271298	gbdt	binary	custom	TRUE	TRUE	FALSE	TRUE	-100	-1	0	0.001	0	0	31	6	1	1	1	FALSE	1	0.1	50	0.5	FALSE	1	101197	0.415754411148144	42	4919	12166	54448266.8665667	194
20240512 121548	1068	271298	gbdt	binary	custom	TRUE	TRUE	FALSE	TRUE	-100	-1	0	0.001	0	0	31	4	1	1	1	FALSE	1	0.1	50	0.5	FALSE	1	101197	0.474122211674978	49	4922	12792	53302020.9895052	195
20240512 121738	1068	271298	gbdt	binary	custom	TRUE	TRUE	FALSE	TRUE	-100	-1	0	0.001	0	0	31	20	1	1	1	FALSE	1	0.1	50	0.5	FALSE	1	101197	0.4476370764002	50	5086	12092	53870866.5667166	196
20240512 121925	1068	271298	gbdt	binary	custom	TRUE	TRUE	FALSE	TRUE	-100	-1	0	0.001	0	0	31	14	1	1	1	FALSE	1	0.1	50	0.5	FALSE	1	101197	0.436183622369262	40	5189	13855	55993860.5697151	197
20240512 122112	1068	271298	gbdt	binary	custom	TRUE	TRUE	FALSE	TRUE	-100	-1	0	0.001	0	0	31	4	1	1	1	FALSE	1	0.1	50	0.5	FALSE	1	101197	0.46692746604225	48	5060	13466	50442059.970015	198
20240512 122309	1068	271298	gbdt	binary	custom	TRUE	TRUE	FALSE	TRUE	-100	-1	0	0.001	0	0	31	17	1	1	1	FALSE	1	0.1	50	0.5	FALSE	1	101197	0.479488107338135	43	4892	9493	59395902.5487256	199
20240512 122501	1068	271298	gbdt	binary	custom	TRUE	TRUE	FALSE	TRUE	-100	-1	0	0.001	0	0	31	17	1	1	1	FALSE	1	0.1	50	0.5	FALSE	1	101197	0.479488107338135	43	4892	9493	59395902.5487256	200
20240512 122653	1068	271298	gbdt	binary	custom	TRUE	TRUE	FALSE	TRUE	-100	-1	0	0.001	0	0	31	17	1	1	1	FALSE	1	0.1	50	0.5	FALSE	1	101197	0.479488107338135	43	4892	9493	59395902.5487256	201
20240512 122847	1068	271298	gbdt	binary	custom	TRUE	TRUE	FALSE	TRUE	-100	-1	0	0.001	0	0	31	17	1	1	1	FALSE	1	0.1	50	0.5	FALSE	1	101197	0.479488107338135	43	4892	9493	59395902.5487256	202
20240512 123043	1068	271298	gbdt	binary	custom	TRUE	TRUE	FALSE	TRUE	-100	-1	0	0.001	0	0	31	7	1	1	1	FALSE	1	0.1	50	0.5	FALSE	1	101197	0.454644117181603	42	5026	10659	53663299.850075	203
20240512 123236	1068	271298	gbdt	binary	custom	TRUE	TRUE	FALSE	TRUE	-100	-1	0	0.001	0	0	31	17	1	1	1	FALSE	1	0.1	50	0.5	FALSE	1	101197	0.479488107338135	43	4892	9493	59395902.5487256	204
20240512 123425	1068	271298	gbdt	binary	custom	TRUE	TRUE	FALSE	TRUE	-100	-1	0	0.001	0	0	31	7	1	1	1	FALSE	1	0.1	50	0.5	FALSE	1	101197	0.444466761679199	48	5196	12188	51254110.9445277	205
20240512 123615	1068	271298	gbdt	binary	custom	TRUE	TRUE	FALSE	TRUE	-100	-1	0	0.001	0	0	31	7	1	1	1	FALSE	1	0.1	50	0.5	FALSE	1	101197	0.471929929965019	46	4818	11892	54738512.7436282	206
20240512 123809	1068	271298	gbdt	binary	custom	TRUE	TRUE	FALSE	TRUE	-100	-1	0	0.001	0	0	31	17	1	1	1	FALSE	1	0.1	50	0.5	FALSE	1	101197	0.479488107338135	43	4892	9493	59395902.5487256	207
20240512 124000	1068	271298	gbdt	binary	custom	TRUE	TRUE	FALSE	TRUE	-100	-1	0	0.001	0	0	31	11	1	1	1	FALSE	1	0.1	50	0.5	FALSE	1	101197	0.479143141783372	50	5149	13313	56933383.808096	208
20240512 124153	1068	271298	gbdt	binary	custom	TRUE	TRUE	FALSE	TRUE	-100	-1	0	0.001	0	0	31	17	1	1	1	FALSE	1	0.1	50	0.5	FALSE	1	101197	0.479488107338135	43	4892	9493	59395902.5487256	209
20240512 124343	1068	271298	gbdt	binary	custom	TRUE	TRUE	FALSE	TRUE	-100	-1	0	0.001	0	0	31	10	1	1	1	FALSE	1	0.1	50	0.5	FALSE	1	101197	0.461257930167054	45	5072	11854	55980188.9055472	210
20240512 124527	1068	271298	gbdt	binary	custom	TRUE	TRUE	FALSE	TRUE	-100	-1	0	0.001	0	0	31	7	1	1	1	FALSE	1	0.1	50	0.5	FALSE	1	101197	0.408211565738033	48	5087	11600	50902188.9055472	211
20240512 124719	1068	271298	gbdt	binary	custom	TRUE	TRUE	FALSE	TRUE	-100	-1	0	0.001	0	0	31	11	1	1	1	FALSE	1	0.1	50	0.5	FALSE	1	101197	0.480466619807169	41	4806	11738	57218623.6881559	212
