fecha	cols	rows	boosting	objective	metric	first_metric_only	boost_from_average	feature_pre_filter	force_row_wise	verbosity	max_depth	min_gain_to_split	min_sum_hessian_in_leaf	lambda_l1	lambda_l2	max_bin	num_iterations	bagging_fraction	pos_bagging_fraction	neg_bagging_fraction	is_unbalance	scale_pos_weight	drop_rate	max_drop	skip_drop	extra_trees	num_threads	seed	learning_rate	feature_fraction	num_leaves	min_data_in_leaf	estimulos	ganancia	iteracion_bayesiana
20240509 151502	1068	300633	gbdt	binary	custom	TRUE	TRUE	FALSE	TRUE	-100	-1	0	0.001	0	0	31	96	1	1	1	FALSE	1	0.1	50	0.5	FALSE	20	101197	0.160133068839101	0.817640673088436	753	1205	12855	59094370.3148426	1
20240509 152111	1068	300633	gbdt	binary	custom	TRUE	TRUE	FALSE	TRUE	-100	-1	0	0.001	0	0	31	114	1	1	1	FALSE	1	0.1	50	0.5	FALSE	20	101197	0.245934855701652	0.659555442773861	1607	639	13301	54064316.3418291	2
20240509 152435	1068	300633	gbdt	binary	custom	TRUE	TRUE	FALSE	TRUE	-100	-1	0	0.001	0	0	31	92	1	1	1	FALSE	1	0.1	50	0.5	FALSE	20	101197	0.404489524040562	0.712423477254129	1430	1422	10859	50348157.4212894	3
20240509 152939	1068	300633	gbdt	binary	custom	TRUE	TRUE	FALSE	TRUE	-100	-1	0	0.001	0	0	31	198	1	1	1	FALSE	1	0.1	50	0.5	FALSE	20	101197	0.212827640072797	0.581966075027348	274	1004	13638	56490197.9010495	4
20240509 154140	1068	300633	gbdt	binary	custom	TRUE	TRUE	FALSE	TRUE	-100	-1	0	0.001	0	0	31	95	1	1	1	FALSE	1	0.1	50	0.5	FALSE	20	101197	0.0918079306777042	0.630473999286441	1326	253	14251	57112487.2563718	5
20240509 154603	1068	300633	gbdt	binary	custom	TRUE	TRUE	FALSE	TRUE	-100	-1	0	0.001	0	0	31	46	1	1	1	FALSE	1	0.1	50	0.5	FALSE	20	101197	0.338108677318315	0.533679576970253	220	375	13360	53351784.107946	6
20240509 155144	1068	300633	gbdt	binary	custom	TRUE	TRUE	FALSE	TRUE	-100	-1	0	0.001	0	0	31	500	1	1	1	FALSE	1	0.1	50	0.5	FALSE	20	101197	0.124497028747953	0.750853915210491	1869	1794	13073	57650565.2173913	7
20240509 155632	1068	300633	gbdt	binary	custom	TRUE	TRUE	FALSE	TRUE	-100	-1	0	0.001	0	0	31	183	1	1	1	FALSE	1	0.1	50	0.5	FALSE	20	101197	0.261777707814562	0.741794703753735	1282	1088	14210	55639625.1874063	8
20240509 155901	1068	300633	gbdt	binary	custom	TRUE	TRUE	FALSE	TRUE	-100	-1	0	0.001	0	0	31	91	1	1	1	FALSE	1	0.1	50	0.5	FALSE	20	101197	0.178855189910538	0.798769286331723	119	779	10927	58490904.047976	9
20240509 160231	1068	300633	gbdt	binary	custom	TRUE	TRUE	FALSE	TRUE	-100	-1	0	0.001	0	0	31	16	1	1	1	FALSE	1	0.1	50	0.5	FALSE	20	101197	0.478068850292084	0.524774872593855	622	1345	12001	56130973.0134933	10
20240509 160627	1068	300633	gbdt	binary	custom	TRUE	TRUE	FALSE	TRUE	-100	-1	0	0.001	0	0	31	64	1	1	1	FALSE	1	0.1	50	0.5	FALSE	20	101197	0.447986608548518	0.879228443059725	1101	828	13955	53542316.3418291	11
20240509 161627	1068	300633	gbdt	binary	custom	TRUE	TRUE	FALSE	TRUE	-100	-1	0	0.001	0	0	31	286	1	1	1	FALSE	1	0.1	50	0.5	FALSE	20	101197	0.0691768858820531	0.847964464046901	1931	486	14992	58301601.1994003	12
20240509 162309	1068	300633	gbdt	binary	custom	TRUE	TRUE	FALSE	TRUE	-100	-1	0	0.001	0	0	31	667	1	1	1	FALSE	1	0.1	50	0.5	FALSE	20	101197	0.0347949844608623	0.687603728420002	808	1661	10940	61277871.0644678	13
20240509 162719	1068	300633	gbdt	binary	custom	TRUE	TRUE	FALSE	TRUE	-100	-1	0	0.001	0	0	31	34	1	1	1	FALSE	1	0.1	50	0.5	FALSE	20	101197	0.420004485399185	0.558773754077251	1787	1590	11096	57654308.8455772	14
20240509 163149	1068	300633	gbdt	binary	custom	TRUE	TRUE	FALSE	TRUE	-100	-1	0	0.001	0	0	31	387	1	1	1	FALSE	1	0.1	50	0.5	FALSE	20	101197	0.353105975885798	0.850105494719917	468	1884	15298	51844470.7646177	15
20240509 163711	1068	300633	gbdt	binary	custom	TRUE	TRUE	FALSE	TRUE	-100	-1	0	0.001	0	0	31	184	1	1	1	FALSE	1	0.1	50	0.5	FALSE	20	101197	0.31211119528534	0.600610618020177	1013	172	15549	54880676.161919	16
20240509 164410	1068	300633	gbdt	binary	custom	TRUE	TRUE	FALSE	TRUE	-100	-1	0	0.001	0	0	31	741	1	1	1	FALSE	1	0.1	50	0.5	FALSE	20	101197	0.0192183499892532	0.713977569222767	123	1369	10838	61983991.0044978	17
20240509 165912	1068	300633	gbdt	binary	custom	TRUE	TRUE	FALSE	TRUE	-100	-1	0	0.001	0	0	31	1630	1	1	1	FALSE	1	0.1	50	0.5	FALSE	20	101197	0.0100292382505939	0.762333342953704	477	1456	11366	62158731.6341829	18
20240509 171130	1068	300633	gbdt	binary	custom	TRUE	TRUE	FALSE	TRUE	-100	-1	0	0.001	0	0	31	1493	1	1	1	FALSE	1	0.1	50	0.5	FALSE	20	101197	0.0353540155710816	0.742775020547777	290	1965	13607	58897020.9895052	19
20240509 172810	1068	300633	gbdt	binary	custom	TRUE	TRUE	FALSE	TRUE	-100	-1	0	0.001	0	0	31	1384	1	1	1	FALSE	1	0.1	50	0.5	FALSE	20	101197	0.0100311555437332	0.739620642875326	570	947	11639	61596823.0884558	20
20240509 174410	1068	300633	gbdt	binary	custom	TRUE	TRUE	FALSE	TRUE	-100	-1	0	0.001	0	0	31	1416	1	1	1	FALSE	1	0.1	50	0.5	FALSE	20	101197	0.0100128315379109	0.719282308825983	572	1038	11700	61843808.095952	21
20240509 175809	1068	300633	gbdt	binary	custom	TRUE	TRUE	FALSE	TRUE	-100	-1	0	0.001	0	0	31	1250	1	1	1	FALSE	1	0.1	50	0.5	FALSE	20	101197	0.0100096334464103	0.698844071923868	523	1116	10408	61726524.7376312	22
20240509 182703	1068	300633	gbdt	binary	custom	TRUE	TRUE	FALSE	TRUE	-100	-1	0	0.001	0	0	31	3269	1	1	1	FALSE	1	0.1	50	0.5	FALSE	20	101197	0.0100432028256536	0.570877006165044	1351	1596	11478	60594365.8170915	23
20240509 184439	1068	300633	gbdt	binary	custom	TRUE	TRUE	FALSE	TRUE	-100	-1	0	0.001	0	0	31	2259	1	1	1	FALSE	1	0.1	50	0.5	FALSE	20	101197	0.0181234205886589	0.713718749590614	1063	1555	13390	59758395.802099	24
20240509 185632	1068	300633	gbdt	binary	custom	TRUE	TRUE	FALSE	TRUE	-100	-1	0	0.001	0	0	31	1691	1	1	1	FALSE	1	0.1	50	0.5	FALSE	20	101197	0.0100417309675491	0.642969393114783	109	1124	10683	62151659.6701649	25
20240509 191003	1068	300633	gbdt	binary	custom	TRUE	TRUE	FALSE	TRUE	-100	-1	0	0.001	0	0	31	1121	1	1	1	FALSE	1	0.1	50	0.5	FALSE	20	101197	0.010055362860217	0.658027766129925	234	1079	11472	61641511.2443778	26
20240509 192322	1068	300633	gbdt	binary	custom	TRUE	TRUE	FALSE	TRUE	-100	-1	0	0.001	0	0	31	6918	1	1	1	FALSE	1	0.1	50	0.5	FALSE	20	101197	0.0102088848915069	0.779356306111629	9	1066	12876	58527382.3088456	27
20240509 194313	1068	300633	gbdt	binary	custom	TRUE	TRUE	FALSE	TRUE	-100	-1	0	0.001	0	0	31	2227	1	1	1	FALSE	1	0.1	50	0.5	FALSE	20	101197	0.010010256680522	0.658665826882112	419	1275	11822	60874329.8350825	28
20240509 201415	1068	300633	gbdt	binary	custom	TRUE	TRUE	FALSE	TRUE	-100	-1	0	0.001	0	0	31	3864	1	1	1	FALSE	1	0.1	50	0.5	FALSE	20	101197	0.0100479724887138	0.673824135022398	400	1224	12178	59668938.5307346	29
20240509 204327	1068	300633	gbdt	binary	custom	TRUE	TRUE	FALSE	TRUE	-100	-1	0	0.001	0	0	31	3651	1	1	1	FALSE	1	0.1	50	0.5	FALSE	20	101197	0.0100265943309405	0.653420756992969	385	1246	12946	60010695.6521739	30
20240509 205449	1068	300633	gbdt	binary	custom	TRUE	TRUE	FALSE	TRUE	-100	-1	0	0.001	0	0	31	863	1	1	1	FALSE	1	0.1	50	0.5	FALSE	20	101197	0.0100003174943775	0.698906578494502	535	1118	11744	61737295.3523238	31
20240509 210738	1068	300633	gbdt	binary	custom	TRUE	TRUE	FALSE	TRUE	-100	-1	0	0.001	0	0	31	1071	1	1	1	FALSE	1	0.1	50	0.5	FALSE	20	101197	0.0100203817240333	0.701776986439704	527	1102	11512	61179142.4287856	32
20240509 212026	1068	300633	gbdt	binary	custom	TRUE	TRUE	FALSE	TRUE	-100	-1	0	0.001	0	0	31	1071	1	1	1	FALSE	1	0.1	50	0.5	FALSE	20	101197	0.0100203817240333	0.701776986439704	527	1102	11512	61179142.4287856	33
20240509 213407	1068	300633	gbdt	binary	custom	TRUE	TRUE	FALSE	TRUE	-100	-1	0	0.001	0	0	31	1213	1	1	1	FALSE	1	0.1	50	0.5	FALSE	20	101197	0.0100305195238893	0.702720071726164	524	1124	10637	61950049.4752624	34
20240509 214823	1068	300633	gbdt	binary	custom	TRUE	TRUE	FALSE	TRUE	-100	-1	0	0.001	0	0	31	1225	1	1	1	FALSE	1	0.1	50	0.5	FALSE	20	101197	0.0100242685061283	0.707439148616056	503	1062	11535	61841236.8815592	35
20240509 220041	1068	300633	gbdt	binary	custom	TRUE	TRUE	FALSE	TRUE	-100	-1	0	0.001	0	0	31	964	1	1	1	FALSE	1	0.1	50	0.5	FALSE	20	101197	0.0100175577930086	0.7088310969364	492	1075	11819	62071995.5022489	36
20240509 221435	1068	300633	gbdt	binary	custom	TRUE	TRUE	FALSE	TRUE	-100	-1	0	0.001	0	0	31	1119	1	1	1	FALSE	1	0.1	50	0.5	FALSE	20	101197	0.010023796751831	0.71304598533749	422	1015	10189	61816628.185907	37
20240509 224257	1068	300633	gbdt	binary	custom	TRUE	TRUE	FALSE	TRUE	-100	-1	0	0.001	0	0	31	2984	1	1	1	FALSE	1	0.1	50	0.5	FALSE	20	101197	0.0100126601943602	0.712473458467611	387	986	12015	59529812.5937032	38
20240509 225532	1068	300633	gbdt	binary	custom	TRUE	TRUE	FALSE	TRUE	-100	-1	0	0.001	0	0	31	1041	1	1	1	FALSE	1	0.1	50	0.5	FALSE	20	101197	0.0100473045992732	0.701618400472974	622	1181	11531	62356445.2773613	39
20240509 232750	1068	300633	gbdt	binary	custom	TRUE	TRUE	FALSE	TRUE	-100	-1	0	0.001	0	0	31	3556	1	1	1	FALSE	1	0.1	50	0.5	FALSE	20	101197	0.0101335120107603	0.704279719464581	702	1162	11894	59521598.2008995	40
20240509 234356	1068	300633	gbdt	binary	custom	TRUE	TRUE	FALSE	TRUE	-100	-1	0	0.001	0	0	31	1615	1	1	1	FALSE	1	0.1	50	0.5	FALSE	20	101197	0.0100243705857509	0.699871305966548	483	1186	11199	61766778.1109445	41
20240509 235840	1068	300633	gbdt	binary	custom	TRUE	TRUE	FALSE	TRUE	-100	-1	0	0.001	0	0	31	1427	1	1	1	FALSE	1	0.1	50	0.5	FALSE	20	101197	0.0100364924317886	0.700814391253008	481	1205	10829	61372550.2248876	42
20240510 002545	1068	300633	gbdt	binary	custom	TRUE	TRUE	FALSE	TRUE	-100	-1	0	0.001	0	0	31	3364	1	1	1	FALSE	1	0.1	50	0.5	FALSE	20	101197	0.0100526094619827	0.70374465226903	518	1268	11020	60226776.6116941	43
20240510 003848	1068	300633	gbdt	binary	custom	TRUE	TRUE	FALSE	TRUE	-100	-1	0	0.001	0	0	31	1115	1	1	1	FALSE	1	0.1	50	0.5	FALSE	20	101197	0.0100463782486351	0.701668865785072	483	1132	11928	61728143.928036	44
20240510 010422	1068	300633	gbdt	binary	custom	TRUE	TRUE	FALSE	TRUE	-100	-1	0	0.001	0	0	31	2635	1	1	1	FALSE	1	0.1	50	0.5	FALSE	20	101197	0.0101387951081814	0.701828936512778	480	1129	12450	59943373.3133433	45
20240510 013127	1068	300633	gbdt	binary	custom	TRUE	TRUE	FALSE	TRUE	-100	-1	0	0.001	0	0	31	7682	1	1	1	FALSE	1	0.1	50	0.5	FALSE	20	101197	0.0100769376990158	0.571561283874148	8	1152	11294	58601898.0509745	46
20240510 014841	1068	300633	gbdt	binary	custom	TRUE	TRUE	FALSE	TRUE	-100	-1	0	0.001	0	0	31	1624	1	1	1	FALSE	1	0.1	50	0.5	FALSE	20	101197	0.0100108778955474	0.704805890146038	624	1149	12423	61374118.4407796	47
20240510 030557	1068	300633	gbdt	binary	custom	TRUE	TRUE	FALSE	TRUE	-100	-1	0	0.001	0	0	31	3085	1	1	1	FALSE	1	0.1	50	0.5	FALSE	20	101197	0.0100458809710818	0.70609489857851	610	1112	13062	59720746.6266867	48
20240510 033012	1068	300633	gbdt	binary	custom	TRUE	TRUE	FALSE	TRUE	-100	-1	0	0.001	0	0	31	3067	1	1	1	FALSE	1	0.1	50	0.5	FALSE	20	101197	0.0100304785015037	0.699437173820632	534	1282	11247	60522328.3358321	49
20240510 034322	1068	300633	gbdt	binary	custom	TRUE	TRUE	FALSE	TRUE	-100	-1	0	0.001	0	0	31	1228	1	1	1	FALSE	1	0.1	50	0.5	FALSE	20	101197	0.01001752694288	0.699693721452895	523	1191	10723	62196997.0014993	50
20240510 035910	1068	300633	gbdt	binary	custom	TRUE	TRUE	FALSE	TRUE	-100	-1	0	0.001	0	0	31	1615	1	1	1	FALSE	1	0.1	50	0.5	FALSE	20	101197	0.0100243705857509	0.699871305966548	483	1186	11199	61766778.1109445	51
20240510 041449	1068	300633	gbdt	binary	custom	TRUE	TRUE	FALSE	TRUE	-100	-1	0	0.001	0	0	31	1615	1	1	1	FALSE	1	0.1	50	0.5	FALSE	20	101197	0.0100243705857509	0.699871305966548	483	1186	11199	61766778.1109445	52
20240510 044009	1068	300633	gbdt	binary	custom	TRUE	TRUE	FALSE	TRUE	-100	-1	0	0.001	0	0	31	3133	1	1	1	FALSE	1	0.1	50	0.5	FALSE	20	101197	0.0100758778591243	0.699690717556932	456	1231	12254	60141328.3358321	53
20240510 051204	1068	300633	gbdt	binary	custom	TRUE	TRUE	FALSE	TRUE	-100	-1	0	0.001	0	0	31	3968	1	1	1	FALSE	1	0.1	50	0.5	FALSE	20	101197	0.0100164209497861	0.699927715208682	508	1160	13781	59692202.3988006	54
20240510 052421	1068	300633	gbdt	binary	custom	TRUE	TRUE	FALSE	TRUE	-100	-1	0	0.001	0	0	31	1086	1	1	1	FALSE	1	0.1	50	0.5	FALSE	20	101197	0.0100098832922913	0.701644623755083	552	1169	10801	61382367.3163418	55
20240510 053952	1068	300633	gbdt	binary	custom	TRUE	TRUE	FALSE	TRUE	-100	-1	0	0.001	0	0	31	1561	1	1	1	FALSE	1	0.1	50	0.5	FALSE	20	101197	0.0100334204640464	0.704138816032157	553	1155	11633	61146877.0614693	56
20240510 055243	1068	300633	gbdt	binary	custom	TRUE	TRUE	FALSE	TRUE	-100	-1	0	0.001	0	0	31	1144	1	1	1	FALSE	1	0.1	50	0.5	FALSE	20	101197	0.0100564775546247	0.70350682633444	542	1143	11920	61865847.0764618	57
20240510 060559	1068	300633	gbdt	binary	custom	TRUE	TRUE	FALSE	TRUE	-100	-1	0	0.001	0	0	31	1204	1	1	1	FALSE	1	0.1	50	0.5	FALSE	20	101197	0.0100488003920479	0.705763127192051	564	1137	10779	61778082.4587706	58
20240510 063516	1068	300633	gbdt	binary	custom	TRUE	TRUE	FALSE	TRUE	-100	-1	0	0.001	0	0	31	3475	1	1	1	FALSE	1	0.1	50	0.5	FALSE	20	101197	0.0100332662964175	0.710968936240245	564	1112	13534	59630563.7181409	59
20240510 070120	1068	300633	gbdt	binary	custom	TRUE	TRUE	FALSE	TRUE	-100	-1	0	0.001	0	0	31	3272	1	1	1	FALSE	1	0.1	50	0.5	FALSE	20	101197	0.0100496785631855	0.695089059232146	496	1235	14212	59372155.922039	60
20240510 071354	1068	300633	gbdt	binary	custom	TRUE	TRUE	FALSE	TRUE	-100	-1	0	0.001	0	0	31	1047	1	1	1	FALSE	1	0.1	50	0.5	FALSE	20	101197	0.0100227747482913	0.703175524166694	527	1082	11011	61445800.5997002	61
20240510 072849	1068	300633	gbdt	binary	custom	TRUE	TRUE	FALSE	TRUE	-100	-1	0	0.001	0	0	31	1353	1	1	1	FALSE	1	0.1	50	0.5	FALSE	20	101197	0.010022157053631	0.707748134390505	544	1058	11529	61443464.7676162	62
20240510 075548	1068	300633	gbdt	binary	custom	TRUE	TRUE	FALSE	TRUE	-100	-1	0	0.001	0	0	31	3002	1	1	1	FALSE	1	0.1	50	0.5	FALSE	20	101197	0.0100953920567093	0.70550329469484	532	1038	14677	59718145.4272864	63
20240510 081304	1068	300633	gbdt	binary	custom	TRUE	TRUE	FALSE	TRUE	-100	-1	0	0.001	0	0	31	1850	1	1	1	FALSE	1	0.1	50	0.5	FALSE	20	101197	0.0100870733153257	0.703242404205654	536	1176	12611	60815335.832084	64
20240510 082517	1068	300633	gbdt	binary	custom	TRUE	TRUE	FALSE	TRUE	-100	-1	0	0.001	0	0	31	1054	1	1	1	FALSE	1	0.1	50	0.5	FALSE	20	101197	0.0100004904474802	0.704032454749558	576	1149	11707	61831863.5682159	65
20240510 083829	1068	300633	gbdt	binary	custom	TRUE	TRUE	FALSE	TRUE	-100	-1	0	0.001	0	0	31	1208	1	1	1	FALSE	1	0.1	50	0.5	FALSE	20	101197	0.0100367438801452	0.703201778559761	559	1152	10748	61917979.0104948	66
