fecha	cols	rows	boosting	objective	metric	first_metric_only	boost_from_average	feature_pre_filter	force_row_wise	verbosity	max_depth	min_gain_to_split	min_sum_hessian_in_leaf	lambda_l1	lambda_l2	max_bin	num_iterations	is_unbalance	scale_pos_weight	drop_rate	max_drop	skip_drop	extra_trees	num_threads	seed	bagging_fraction	pos_bagging_fraction	neg_bagging_fraction	learning_rate	feature_fraction	num_leaves	min_data_in_leaf	estimulos	ganancia	iteracion_bayesiana
20240507 163303	1068	300633	gbdt	binary	custom	TRUE	TRUE	FALSE	TRUE	-100	-1	0	0.001	0	0	31	109	FALSE	1	0.1	50	0.5	FALSE	20	101197	0.290796986967339	0.294262258304211	0.395404552013381	0.231296681989266	0.722205879247606	1660	1395	11107	58895491.7541229	1
20240507 163456	1068	300633	gbdt	binary	custom	TRUE	TRUE	FALSE	TRUE	-100	-1	0	0.001	0	0	31	219	FALSE	1	0.1	50	0.5	FALSE	20	101197	0.164178148651874	0.327135868294358	0.61411134911788	0.214779450095171	0.736080672692822	643	1078	14030	56641034.4827586	2
20240507 163620	1068	300633	gbdt	binary	custom	TRUE	TRUE	FALSE	TRUE	-100	-1	0	0.001	0	0	31	71	FALSE	1	0.1	50	0.5	FALSE	20	101197	0.35211352199307	0.591624249464862	0.669326071878189	0.395893280724017	0.699716627673892	365	915	13720	54217931.0344828	3
20240507 163802	1068	300633	gbdt	binary	custom	TRUE	TRUE	FALSE	TRUE	-100	-1	0	0.001	0	0	31	215	FALSE	1	0.1	50	0.5	FALSE	20	101197	0.561518382353268	0.747236653276871	0.243435796517963	0.147942893450293	0.573731946155353	176	1213	10090	57002503.7481259	4
20240507 164012	1068	300633	gbdt	binary	custom	TRUE	TRUE	FALSE	TRUE	-100	-1	0	0.001	0	0	31	315	FALSE	1	0.1	50	0.5	FALSE	20	101197	0.52710124400775	0.626803288962213	0.523011715440913	0.358001678380964	0.82176011254887	725	1580	14848	53009763.1184408	5
20240507 164200	1068	300633	gbdt	binary	custom	TRUE	TRUE	FALSE	TRUE	-100	-1	0	0.001	0	0	31	107	FALSE	1	0.1	50	0.5	FALSE	20	101197	0.675640112498642	0.374351272667341	0.542795026139674	0.325435317783394	0.541223948855421	1183	715	14704	53982692.6536732	6
20240507 164352	1068	300633	gbdt	binary	custom	TRUE	TRUE	FALSE	TRUE	-100	-1	0	0.001	0	0	31	297	FALSE	1	0.1	50	0.5	FALSE	20	101197	0.428715320849841	0.713238697721076	0.714116128991527	0.128527070103709	0.587260012010996	1510	1260	14534	57793262.3688156	7
20240507 164457	1068	300633	gbdt	binary	custom	TRUE	TRUE	FALSE	TRUE	-100	-1	0	0.001	0	0	31	96	FALSE	1	0.1	50	0.5	FALSE	20	101197	0.620989188876544	0.102111684047837	0.639898002809296	0.244567701849174	0.68150668172411	1385	1868	11737	58835956.5217391	8
20240507 164803	1068	300633	gbdt	binary	custom	TRUE	TRUE	FALSE	TRUE	-100	-1	0	0.001	0	0	31	814	FALSE	1	0.1	50	0.5	FALSE	20	101197	0.647679905747128	0.698213463183453	0.369641886258983	0.0308429481671968	0.810024109532495	533	1343	12080	60740869.5652174	9
20240507 165018	1068	300633	gbdt	binary	custom	TRUE	TRUE	FALSE	TRUE	-100	-1	0	0.001	0	0	31	122	FALSE	1	0.1	50	0.5	FALSE	20	101197	0.791333176787048	0.450276884756023	0.119487595231337	0.425534913306768	0.642993114053736	1115	1772	15550	51077376.3118441	10
20240507 165344	1068	300633	gbdt	binary	custom	TRUE	TRUE	FALSE	TRUE	-100	-1	0	0.001	0	0	31	373	FALSE	1	0.1	50	0.5	FALSE	20	101197	0.406677701893753	0.42859926929034	0.295691067643137	0.0887830562824094	0.512847846041515	1690	436	16889	56216418.2908546	11
20240507 165514	1068	300633	gbdt	binary	custom	TRUE	TRUE	FALSE	TRUE	-100	-1	0	0.001	0	0	31	51	FALSE	1	0.1	50	0.5	FALSE	20	101197	0.70394542326168	0.533030293292902	0.151879220473718	0.38285253054598	0.853744970746095	1433	262	11911	50564271.3643178	12
20240507 165640	1068	300633	gbdt	binary	custom	TRUE	TRUE	FALSE	TRUE	-100	-1	0	0.001	0	0	31	229	FALSE	1	0.1	50	0.5	FALSE	20	101197	0.196066248891624	0.198160026978202	0.781539628465849	0.362412256369542	0.621874427517649	1082	1604	15299	50784259.3703148	13
20240507 165829	1068	300633	gbdt	binary	custom	TRUE	TRUE	FALSE	TRUE	-100	-1	0	0.001	0	0	31	406	FALSE	1	0.1	50	0.5	FALSE	20	101197	0.494717413915739	0.50981777090495	0.814486245441516	0.461358365158676	0.707324914949051	972	630	13104	51139934.0329835	14
20240507 170049	1068	300633	gbdt	binary	custom	TRUE	TRUE	FALSE	TRUE	-100	-1	0	0.001	0	0	31	210	FALSE	1	0.1	50	0.5	FALSE	20	101197	0.360131298981846	0.790251720696904	0.331043744359953	0.0569889279609073	0.662296786861232	402	458	12641	59694871.0644678	15
20240507 170128	1068	300633	gbdt	binary	custom	TRUE	TRUE	FALSE	TRUE	-100	-1	0	0.001	0	0	31	153	FALSE	1	0.1	50	0.5	FALSE	20	101197	0.120086592883074	0.388977060671583	0.698302117153998	0.186942426027736	0.830562784106983	33	988	11960	59341649.1754123	16
20240507 170304	1068	300633	gbdt	binary	custom	TRUE	TRUE	FALSE	TRUE	-100	-1	0	0.001	0	0	31	235	FALSE	1	0.1	50	0.5	FALSE	20	101197	0.243647657140258	0.475732717319353	0.305368452340114	0.472434609245136	0.600818273348315	1273	843	13980	49836791.6041979	17
20240507 170506	1068	300633	gbdt	binary	custom	TRUE	TRUE	FALSE	TRUE	-100	-1	0	0.001	0	0	31	373	FALSE	1	0.1	50	0.5	FALSE	20	101197	0.835917195062267	0.577244296366206	0.741055483017675	0.155092656276369	0.744049676415787	917	1172	15147	57503827.5862069	18
20240507 170611	1068	300633	gbdt	binary	custom	TRUE	TRUE	FALSE	TRUE	-100	-1	0	0.001	0	0	31	93	FALSE	1	0.1	50	0.5	FALSE	20	101197	0.536199239851178	0.820564469839508	0.431333364433921	0.289760665346454	0.758044108955064	1874	1859	10918	57419133.4332834	19
20240507 170820	1068	300633	gbdt	binary	custom	TRUE	TRUE	FALSE	TRUE	-100	-1	0	0.001	0	0	31	156	FALSE	1	0.1	50	0.5	FALSE	20	101197	0.155184175897262	0.877503398481389	0.206488412340808	0.168480125027445	0.859193639889158	1805	571	11514	58214041.9790105	20
20240507 170941	1068	300633	gbdt	binary	custom	TRUE	TRUE	FALSE	TRUE	-100	-1	0	0.001	0	0	31	182	FALSE	1	0.1	50	0.5	FALSE	20	101197	0.323639302541729	0.261456825194386	0.223152322645092	0.100010967947841	0.633987409980225	1560	1666	11341	59547674.6626687	21
20240507 171226	1068	300633	gbdt	binary	custom	TRUE	TRUE	FALSE	TRUE	-100	-1	0	0.001	0	0	31	127	FALSE	1	0.1	50	0.5	FALSE	20	101197	0.868125309681734	0.160753275376105	0.791038787822388	0.0704049224113635	0.566109193164821	746	229	11564	59014986.5067466	22
20240507 171447	1068	300633	gbdt	binary	custom	TRUE	TRUE	FALSE	TRUE	-100	-1	0	0.001	0	0	31	587	FALSE	1	0.1	50	0.5	FALSE	20	101197	0.872273853721587	0.156020249079297	0.169452759966893	0.301082273324745	0.782411858805045	504	906	14185	55060412.2938531	23
20240507 171526	1068	300633	gbdt	binary	custom	TRUE	TRUE	FALSE	TRUE	-100	-1	0	0.001	0	0	31	6	FALSE	1	0.1	50	0.5	FALSE	20	101197	0.759883769687756	0.859057340464538	0.899990402228133	0.430465119721309	0.792838798522327	91	103	13526	53375223.3883059	24
20240507 171715	1068	300633	gbdt	binary	custom	TRUE	TRUE	FALSE	TRUE	-100	-1	0	0.001	0	0	31	446	FALSE	1	0.1	50	0.5	FALSE	20	101197	0.446285542067132	0.224545523914717	0.86671817040409	0.497180810013346	0.89659613655095	821	1460	14271	48421902.5487256	25
20240507 171940	1068	300633	gbdt	binary	custom	TRUE	TRUE	FALSE	TRUE	-100	-1	0	0.001	0	0	31	281	FALSE	1	0.1	50	0.5	FALSE	20	101197	0.752588837978608	0.783496027146141	0.464570226108331	0.26507122000675	0.523213016600952	1917	328	14715	56271011.994003	26
20240507 172055	1068	300633	gbdt	binary	custom	TRUE	TRUE	FALSE	TRUE	-100	-1	0	0.001	0	0	31	54	FALSE	1	0.1	50	0.5	FALSE	20	101197	0.214924524935033	0.642908297461673	0.557505689279585	0.324363850824344	0.555773458171042	246	1935	13406	56387517.2413793	27
20240507 172359	1068	300633	gbdt	binary	custom	TRUE	TRUE	FALSE	TRUE	-100	-1	0	0.001	0	0	31	367	FALSE	1	0.1	50	0.5	FALSE	20	101197	0.598996235754159	0.353638226788267	0.479075895959462	0.0270304248056673	0.881828683815716	2026	647	13456	60188281.8590705	28
20240507 172721	1068	300633	gbdt	binary	custom	TRUE	TRUE	FALSE	TRUE	-100	-1	0	0.001	0	0	31	1141	FALSE	1	0.1	50	0.5	FALSE	20	101197	0.360058266737783	0.257750348866532	0.645285681725575	0.0281585249337887	0.8602005525817	128	1279	11400	59802038.9805097	29
20240507 173116	1068	300633	gbdt	binary	custom	TRUE	TRUE	FALSE	TRUE	-100	-1	0	0.001	0	0	31	1462	FALSE	1	0.1	50	0.5	FALSE	20	101197	0.580060019108878	0.210252514922504	0.430851821875096	0.0404728416687421	0.889784441089437	1542	1985	12255	59829422.7886057	30
20240507 174510	1068	300633	gbdt	binary	custom	TRUE	TRUE	FALSE	TRUE	-100	-1	0	0.001	0	0	31	3089	FALSE	1	0.1	50	0.5	FALSE	20	101197	0.529229286836299	0.703177197608036	0.532547227122635	0.0103373240628607	0.899750502419453	573	576	13490	58657316.3418291	31
20240507 174801	1068	300633	gbdt	binary	custom	TRUE	TRUE	FALSE	TRUE	-100	-1	0	0.001	0	0	31	811	FALSE	1	0.1	50	0.5	FALSE	20	101197	0.702645770797623	0.120104714539636	0.347189752248185	0.0459171983249996	0.773196496001975	522	1586	10482	59393340.3298351	32
20240507 175036	1068	300633	gbdt	binary	custom	TRUE	TRUE	FALSE	TRUE	-100	-1	0	0.001	0	0	31	725	FALSE	1	0.1	50	0.5	FALSE	20	101197	0.279113281745816	0.705566323847644	0.380165123964609	0.043923639019586	0.873557913060203	1969	1764	12483	59868421.2893553	33
20240507 175312	1068	300633	gbdt	binary	custom	TRUE	TRUE	FALSE	TRUE	-100	-1	0	0.001	0	0	31	785	FALSE	1	0.1	50	0.5	FALSE	20	101197	0.130872826413702	0.637431864250146	0.541231349887979	0.061487388711027	0.820367759593297	206	1783	11371	59296955.0224888	34
20240507 175621	1068	300633	gbdt	binary	custom	TRUE	TRUE	FALSE	TRUE	-100	-1	0	0.001	0	0	31	940	FALSE	1	0.1	50	0.5	FALSE	20	101197	0.767368800690796	0.22779229278459	0.631237245166225	0.0502284865330175	0.82594158618593	2047	1559	12864	58669709.1454273	35
20240507 175940	1068	300633	gbdt	binary	custom	TRUE	TRUE	FALSE	TRUE	-100	-1	0	0.001	0	0	31	900	FALSE	1	0.1	50	0.5	FALSE	20	101197	0.279423933557285	0.428674225757944	0.177668111822646	0.0300923975422149	0.871605060369709	1244	1411	11344	60995886.0569715	36
20240507 180434	1068	300633	gbdt	binary	custom	TRUE	TRUE	FALSE	TRUE	-100	-1	0	0.001	0	0	31	1104	FALSE	1	0.1	50	0.5	FALSE	20	101197	0.355979223520401	0.555870748418373	0.103458004463854	0.0302462929862129	0.842590916543178	1240	1427	11506	59044458.7706147	37
20240507 180645	1068	300633	gbdt	binary	custom	TRUE	TRUE	FALSE	TRUE	-100	-1	0	0.001	0	0	31	398	FALSE	1	0.1	50	0.5	FALSE	20	101197	0.139262516229368	0.176409536156381	0.426593243434919	0.0405643127808428	0.899532348152101	1348	1245	11426	60522779.6101949	38
20240507 181008	1068	300633	gbdt	binary	custom	TRUE	TRUE	FALSE	TRUE	-100	-1	0	0.001	0	0	31	897	FALSE	1	0.1	50	0.5	FALSE	20	101197	0.240252439589614	0.246254158308839	0.419492881294158	0.0442486100761972	0.899162678765506	1145	1279	12672	59801871.0644678	39
20240507 181554	1068	300633	gbdt	binary	custom	TRUE	TRUE	FALSE	TRUE	-100	-1	0	0.001	0	0	31	1981	FALSE	1	0.1	50	0.5	FALSE	20	101197	0.104740385102982	0.203420263933016	0.330260239209857	0.0192306225429364	0.862588194264286	1679	1482	12389	59572070.4647676	40
20240507 181737	1068	300633	gbdt	binary	custom	TRUE	TRUE	FALSE	TRUE	-100	-1	0	0.001	0	0	31	406	FALSE	1	0.1	50	0.5	FALSE	20	101197	0.190623670338486	0.120637035859317	0.235715447291514	0.158706294676056	0.899382849145357	1967	1997	11421	58236010.4947526	41
20240507 182210	1068	300633	gbdt	binary	custom	TRUE	TRUE	FALSE	TRUE	-100	-1	0	0.001	0	0	31	1390	FALSE	1	0.1	50	0.5	FALSE	20	101197	0.381813794994491	0.426769444363666	0.481243802743246	0.0380965578474221	0.872577009819707	1286	1317	12353	58260880.05997	42
20240507 182528	1068	300633	gbdt	binary	custom	TRUE	TRUE	FALSE	TRUE	-100	-1	0	0.001	0	0	31	660	FALSE	1	0.1	50	0.5	FALSE	20	101197	0.112979837493233	0.149070923440844	0.15231940425508	0.0378676549700427	0.886753671842918	283	821	12860	58555712.143928	43
20240507 182824	1068	300633	gbdt	binary	custom	TRUE	TRUE	FALSE	TRUE	-100	-1	0	0.001	0	0	31	934	FALSE	1	0.1	50	0.5	FALSE	20	101197	0.245218820486149	0.718950296117908	0.353823020219148	0.0212351229938027	0.72554254040024	822	1998	10074	61412602.6986507	44
20240507 183455	1068	300633	gbdt	binary	custom	TRUE	TRUE	FALSE	TRUE	-100	-1	0	0.001	0	0	31	2176	FALSE	1	0.1	50	0.5	FALSE	20	101197	0.245796440966244	0.725731339392964	0.363827841587236	0.0108424128769843	0.678939814743882	799	1971	11361	61461767.6161919	45
20240507 184450	1068	300633	gbdt	binary	custom	TRUE	TRUE	FALSE	TRUE	-100	-1	0	0.001	0	0	31	3320	FALSE	1	0.1	50	0.5	FALSE	20	101197	0.263211155967616	0.739751161243483	0.392368970708865	0.010038813518782	0.661608090280139	787	1972	10874	60716770.6146927	46
20240507 185042	1068	300633	gbdt	binary	custom	TRUE	TRUE	FALSE	TRUE	-100	-1	0	0.001	0	0	31	2231	FALSE	1	0.1	50	0.5	FALSE	20	101197	0.196587830853139	0.867101748567875	0.320819636054011	0.0100537768461714	0.690894348966413	714	1999	10562	61543565.2173913	47
20240507 190037	1068	300633	gbdt	binary	custom	TRUE	TRUE	FALSE	TRUE	-100	-1	0	0.001	0	0	31	3341	FALSE	1	0.1	50	0.5	FALSE	20	101197	0.169491075569237	0.898783472442924	0.298801021244932	0.0114550653554683	0.690347745311375	707	2000	11039	60874904.047976	48
20240507 190957	1068	300633	gbdt	binary	custom	TRUE	TRUE	FALSE	TRUE	-100	-1	0	0.001	0	0	31	4026	FALSE	1	0.1	50	0.5	FALSE	20	101197	0.228139641696634	0.852715359827407	0.31094326012157	0.0107334354616371	0.685194200814233	707	1999	11250	60651679.1604198	49
20240507 191429	1068	300633	gbdt	binary	custom	TRUE	TRUE	FALSE	TRUE	-100	-1	0	0.001	0	0	31	1672	FALSE	1	0.1	50	0.5	FALSE	20	101197	0.139886475585704	0.71596109130828	0.320874177742782	0.0140485858940405	0.687712293717396	868	2000	10813	61650955.0224888	50
20240507 192112	1068	300633	gbdt	binary	custom	TRUE	TRUE	FALSE	TRUE	-100	-1	0	0.001	0	0	31	2050	FALSE	1	0.1	50	0.5	FALSE	20	101197	0.108136148033309	0.714507210041899	0.321196845331925	0.0135936850039855	0.681149563661121	925	1999	12014	61541628.185907	51
20240507 192524	1068	300633	gbdt	binary	custom	TRUE	TRUE	FALSE	TRUE	-100	-1	0	0.001	0	0	31	1557	FALSE	1	0.1	50	0.5	FALSE	20	101197	0.109192796594164	0.695011189364149	0.326002773738846	0.0178628522659042	0.67890818662958	913	2000	11660	61609025.4872564	52
20240507 193151	1068	300633	gbdt	binary	custom	TRUE	TRUE	FALSE	TRUE	-100	-1	0	0.001	0	0	31	2632	FALSE	1	0.1	50	0.5	FALSE	20	101197	0.104926069898105	0.686046179844342	0.299775711885981	0.0163301559112998	0.676135986931913	978	2000	12222	59723625.1874063	53
20240507 193903	1068	300633	gbdt	binary	custom	TRUE	TRUE	FALSE	TRUE	-100	-1	0	0.001	0	0	31	2679	FALSE	1	0.1	50	0.5	FALSE	20	101197	0.240807842325122	0.734217251007647	0.365119532448355	0.01061004552545	0.692258444113208	787	1969	11086	61231835.0824588	54
20240507 194634	1068	300633	gbdt	binary	custom	TRUE	TRUE	FALSE	TRUE	-100	-1	0	0.001	0	0	31	2969	FALSE	1	0.1	50	0.5	FALSE	20	101197	0.245803008489487	0.737668341004986	0.377199165250776	0.0111485419756197	0.689134738304083	746	1971	10526	60758851.5742129	55
20240507 195209	1068	300633	gbdt	binary	custom	TRUE	TRUE	FALSE	TRUE	-100	-1	0	0.001	0	0	31	2158	FALSE	1	0.1	50	0.5	FALSE	20	101197	0.15179164503446	0.896143428283928	0.362662850553198	0.0191780745025781	0.705475380294688	812	2000	12772	60262110.9445277	56
20240507 195805	1068	300633	gbdt	binary	custom	TRUE	TRUE	FALSE	TRUE	-100	-1	0	0.001	0	0	31	2266	FALSE	1	0.1	50	0.5	FALSE	20	101197	0.241554158219145	0.374990244654051	0.361541710399028	0.0100930553876836	0.600788409160099	682	1956	10247	61883707.6461769	57
20240507 200801	1068	300633	gbdt	binary	custom	TRUE	TRUE	FALSE	TRUE	-100	-1	0	0.001	0	0	31	3207	FALSE	1	0.1	50	0.5	FALSE	20	101197	0.226017145270281	0.328281086534075	0.366146208468658	0.0102046350144562	0.596286596198682	640	1955	10874	61300638.6806597	58
20240507 201418	1068	300633	gbdt	binary	custom	TRUE	TRUE	FALSE	TRUE	-100	-1	0	0.001	0	0	31	2435	FALSE	1	0.1	50	0.5	FALSE	20	101197	0.230798384918345	0.375224624398424	0.371940479830811	0.0101336193801216	0.599743206818807	662	1958	10885	62092586.2068966	59
20240507 202429	1068	300633	gbdt	binary	custom	TRUE	TRUE	FALSE	TRUE	-100	-1	0	0.001	0	0	31	3251	FALSE	1	0.1	50	0.5	FALSE	20	101197	0.229193169358699	0.348512927782583	0.362392170781679	0.0101480009718825	0.599058007628178	640	1958	10458	61817244.3778111	60
20240507 203053	1068	300633	gbdt	binary	custom	TRUE	TRUE	FALSE	TRUE	-100	-1	0	0.001	0	0	31	2467	FALSE	1	0.1	50	0.5	FALSE	20	101197	0.229070011180061	0.340972343432071	0.354237024090586	0.0100241344252558	0.598675992169463	607	1956	11784	61772257.8710645	61
20240507 203715	1068	300633	gbdt	binary	custom	TRUE	TRUE	FALSE	TRUE	-100	-1	0	0.001	0	0	31	2467	FALSE	1	0.1	50	0.5	FALSE	20	101197	0.229070011180061	0.340972343432071	0.354237024090586	0.0100241344252558	0.598675992169463	607	1956	11784	61772257.8710645	62
20240507 204342	1068	300633	gbdt	binary	custom	TRUE	TRUE	FALSE	TRUE	-100	-1	0	0.001	0	0	31	2467	FALSE	1	0.1	50	0.5	FALSE	20	101197	0.229070011180061	0.340972343432071	0.354237024090586	0.0100241344252558	0.598675992169463	607	1956	11784	61772257.8710645	63
20240507 204959	1068	300633	gbdt	binary	custom	TRUE	TRUE	FALSE	TRUE	-100	-1	0	0.001	0	0	31	2242	FALSE	1	0.1	50	0.5	FALSE	20	101197	0.22143896101642	0.356972452636277	0.333159025894953	0.0100005036062902	0.585654606703547	447	1997	10642	61665904.047976	64
20240507 205859	1068	300633	gbdt	binary	custom	TRUE	TRUE	FALSE	TRUE	-100	-1	0	0.001	0	0	31	3780	FALSE	1	0.1	50	0.5	FALSE	20	101197	0.233491547095402	0.333457974471213	0.350872090178993	0.0103463326830008	0.595447401278432	645	1958	10845	60765029.9850075	65
20240507 210534	1068	300633	gbdt	binary	custom	TRUE	TRUE	FALSE	TRUE	-100	-1	0	0.001	0	0	31	2276	FALSE	1	0.1	50	0.5	FALSE	20	101197	0.211468949129536	0.455658866228139	0.366652184013223	0.0100920188985639	0.577802794227551	347	1997	11015	61478598.2008995	66
20240507 211526	1068	300633	gbdt	binary	custom	TRUE	TRUE	FALSE	TRUE	-100	-1	0	0.001	0	0	31	3056	FALSE	1	0.1	50	0.5	FALSE	20	101197	0.222909396346077	0.493501103388956	0.334391434614051	0.0102522046092324	0.524164984939207	540	1994	11091	61276505.2473763	67
20240507 212359	1068	300633	gbdt	binary	custom	TRUE	TRUE	FALSE	TRUE	-100	-1	0	0.001	0	0	31	3571	FALSE	1	0.1	50	0.5	FALSE	20	101197	0.231583322513094	0.367205933317982	0.37897897739465	0.0100211903572253	0.599190398641199	584	1957	12555	60873350.8245877	68
20240507 213204	1068	300633	gbdt	binary	custom	TRUE	TRUE	FALSE	TRUE	-100	-1	0	0.001	0	0	31	3475	FALSE	1	0.1	50	0.5	FALSE	20	101197	0.141900013464198	0.325946176740223	0.176268312110259	0.0101178720434045	0.614677871710154	639	1999	10237	61214997.0014993	69
20240507 213900	1068	300633	gbdt	binary	custom	TRUE	TRUE	FALSE	TRUE	-100	-1	0	0.001	0	0	31	2251	FALSE	1	0.1	50	0.5	FALSE	20	101197	0.291375350293539	0.340282486459846	0.798814798647753	0.0101160642026679	0.573442703822498	525	1953	10661	61709833.5832084	70
20240507 214715	1068	300633	gbdt	binary	custom	TRUE	TRUE	FALSE	TRUE	-100	-1	0	0.001	0	0	31	3472	FALSE	1	0.1	50	0.5	FALSE	20	101197	0.291066195769425	0.34010136511026	0.729239055777591	0.0101361239995965	0.59917439601153	554	1996	10569	61401425.7871064	71
20240507 215702	1068	300633	gbdt	binary	custom	TRUE	TRUE	FALSE	TRUE	-100	-1	0	0.001	0	0	31	3100	FALSE	1	0.1	50	0.5	FALSE	20	101197	0.301172061519214	0.297188151877998	0.660888112607066	0.0100999547789193	0.556532294949641	414	1998	11162	61219667.1664168	72
20240507 220616	1068	300633	gbdt	binary	custom	TRUE	TRUE	FALSE	TRUE	-100	-1	0	0.001	0	0	31	4016	FALSE	1	0.1	50	0.5	FALSE	20	101197	0.288808257258478	0.336748044490614	0.487402215127734	0.010990918798681	0.600396657812375	666	1929	13448	59828173.9130435	73
20240507 221342	1068	300633	gbdt	binary	custom	TRUE	TRUE	FALSE	TRUE	-100	-1	0	0.001	0	0	31	3150	FALSE	1	0.1	50	0.5	FALSE	20	101197	0.208195888823432	0.588999835815823	0.343176010797351	0.0102043890351838	0.602480984478154	245	2000	11032	61020761.6191904	74
20240507 221936	1068	300633	gbdt	binary	custom	TRUE	TRUE	FALSE	TRUE	-100	-1	0	0.001	0	0	31	2348	FALSE	1	0.1	50	0.5	FALSE	20	101197	0.100223051132922	0.305858991399696	0.772419949664372	0.0105086086374574	0.65044682273248	524	1999	11191	61708559.2203898	75
20240507 222611	1068	300633	gbdt	binary	custom	TRUE	TRUE	FALSE	TRUE	-100	-1	0	0.001	0	0	31	2348	FALSE	1	0.1	50	0.5	FALSE	20	101197	0.100223051132922	0.305858991399696	0.772419949664372	0.0105086086374574	0.65044682273248	524	1999	11191	61708559.2203898	76
20240507 223214	1068	300633	gbdt	binary	custom	TRUE	TRUE	FALSE	TRUE	-100	-1	0	0.001	0	0	31	2378	FALSE	1	0.1	50	0.5	FALSE	20	101197	0.100849948189604	0.506904044865093	0.815390920155245	0.0112148036812311	0.604440509858027	487	1886	10646	61330245.8770615	77
20240507 224057	1068	300633	gbdt	binary	custom	TRUE	TRUE	FALSE	TRUE	-100	-1	0	0.001	0	0	31	3881	FALSE	1	0.1	50	0.5	FALSE	20	101197	0.100594282090716	0.303797465092509	0.757969057003428	0.0104095160709014	0.648853367432201	521	1999	12138	60322611.6941529	78
